step,iter,train/loss,val/loss,lr,mfu,token_embedding_act_abs_mean,attn_act_abs_mean,mlp_act_abs_mean,lm_head_act_abs_mean
0,0,4.186625957489014,4.20231294631958,2e-06,-100.0
1,1,4.229456424713135,4.233241081237793,2e-06,-100.0,0.016381185967475176,0.06162339079310186,0.08815555286128074,0.2973639518022537
2,2,4.230019569396973,4.199139595031738,2e-06,-100.0,0.01638623746111989,0.061394110962282866,0.08813685330096632,0.2953794598579407
3,3,4.2070536613464355,4.205149173736572,2e-06,-100.0,0.01637656008824706,0.06211120798252523,0.08813137654215097,0.29609641432762146
4,4,4.2035346031188965,4.191707134246826,2e-06,-100.0,0.016373267397284508,0.06054240514640696,0.08820500934962183,0.29003994166851044
5,5,4.226284027099609,4.193477153778076,2e-06,-100.0,0.01637634914368391,0.06153150263708085,0.08805561100598425,0.29384420812129974
6,6,4.214988708496094,4.2084150314331055,2e-06,3.0712260436736822,0.01635713642463088,0.0612757308408618,0.08806387428194284,0.2904018387198448
7,7,4.17155647277832,4.184510707855225,2e-06,3.0712348632458393,0.016381926368921995,0.061864558258093894,0.08822475862689316,0.291276715695858
8,8,4.122003078460693,4.151585578918457,2e-06,2.853012632471707,0.01636653346940875,0.061298848246224225,0.08825597958639264,0.2968113347887993
9,9,4.1443772315979,4.14626407623291,2e-06,2.6570624211448104,0.016372017562389374,0.06232925472431816,0.08809800853487104,0.2962958663702011
10,10,4.098156452178955,4.116608619689941,2e-06,2.4810248582204535,0.01637551886960864,0.062452699814457446,0.0883633743505925,0.29595526307821274
11,11,4.075695991516113,4.0957722663879395,2e-06,2.32233542410069,0.016373917926102877,0.06159098609350622,0.08825955784413964,0.29460687190294266
12,12,4.072324275970459,4.0937299728393555,2e-06,2.1800739164862755,0.016376441344618797,0.06173432158539072,0.0883070764830336,0.2838459610939026
13,13,4.068940162658691,4.069993495941162,2e-06,2.0283973367957073,0.016384000424295664,0.06300631642807275,0.08827698335517198,0.29043959826231003
14,14,4.039300918579102,4.038703918457031,2e-06,1.906705480196319,0.01635907171294093,0.0619669065636117,0.08840254507958889,0.29528460651636124
15,15,3.9984116554260254,3.9977359771728516,2e-06,1.8052359095450894,0.016335314605385065,0.06252929990296252,0.08822633302770555,0.291438952088356
16,16,3.9989099502563477,3.987891435623169,2e-06,1.7051038494706197,0.01636870438233018,0.06172763594076969,0.08847940945997834,0.2904592454433441
17,17,3.953171730041504,3.9658913612365723,2e-06,1.6208513135616085,0.016373450867831707,0.06234184422646649,0.08854175312444568,0.2935926988720894
18,18,3.9406251907348633,3.9518096446990967,2e-06,1.543798723903372,0.016349112149327993,0.06216141631011851,0.08842784550506622,0.2951206937432289
19,19,3.9338910579681396,3.9164109230041504,2e-06,1.47480854377731,0.016362883616238832,0.0637564018543344,0.08871259191073477,0.2936515659093857
20,20,3.9320950508117676,3.9061412811279297,2e-06,1.3910147022728672,0.016381764318794012,0.06284437433350831,0.08865004393737763,0.2964453846216202
21,21,3.864879608154297,3.8637173175811768,2e-06,1.3409643529694844,0.016375189181417227,0.06378898164257407,0.08867406146600842,0.29647158831357956
22,22,3.8604650497436523,3.8411316871643066,2e-06,1.296569803306458,0.016367857344448566,0.06367865324136801,0.0889581065857783,0.29294584691524506
23,23,3.821425199508667,3.83054256439209,2e-06,1.2570320491854998,0.01635839883238077,0.06286212368286215,0.08888266677968204,0.30164532363414764
24,24,3.807515859603882,3.8020880222320557,2e-06,1.2122099631639771,0.01637637009844184,0.06411770472186618,0.08888781175483018,0.29836205393075943
25,25,3.766303539276123,3.7832396030426025,2e-06,1.1722910602643242,0.016373901162296534,0.06400274520274252,0.08916445972863585,0.3062528595328331
26,26,3.7687275409698486,3.743931293487549,2e-06,1.1397946089723487,0.016383674927055836,0.06481230826466344,0.0889237952651456,0.31053346395492554
27,27,3.7588696479797363,3.8534791469573975,2e-06,1.111381567705992,0.016378429252654314,0.06497860231320374,0.08916216308716685,0.31129829585552216
28,28,3.7227420806884766,3.8151838779449463,2e-06,1.2681264801310763,0.016374428756535053,0.06354526182985865,0.08936815336346626,0.30738089978694916
29,29,3.7299015522003174,3.7396059036254883,2e-06,1.4187158033819849,0.016372741665691137,0.0646141973847989,0.08933126169722527,0.3148733302950859
30,30,3.699695587158203,3.704439878463745,2e-06,1.3575093945521441,0.016360675916075706,0.0638139164657332,0.08913447707891464,0.31874292343854904
31,31,3.69057297706604,3.741790294647217,2e-06,1.3110867168668687,0.016375687438994646,0.06541300131357275,0.08938969403970987,0.3238794505596161
32,32,3.634286880493164,3.664966583251953,2e-06,1.4870273988347433,0.01638279017060995,0.06547013751696795,0.08943759498652071,0.32754959911108017
33,33,3.7215476036071777,3.6589837074279785,2e-06,1.4280535791277043,0.016367794945836067,0.06599197926698253,0.08946528553497046,0.3354698345065117
34,34,3.66646671295166,3.6967883110046387,2e-06,1.3752121639532102,0.016363668255507946,0.06578563031507656,0.08948599710129201,0.3353143781423569
35,35,3.6234989166259766,3.6491899490356445,2e-06,1.5450280789591704,0.016375898383557796,0.06539866302045994,0.08972369029652327,0.33748800307512283
36,36,3.639984607696533,3.670208692550659,2e-06,1.451570583113095,0.01637930702418089,0.06578976358287036,0.08953093737363815,0.3430284559726715
37,37,3.624903917312622,3.7031378746032715,2e-06,1.6146445653291202,0.016374188475310802,0.06685306946747005,0.0896837335312739,0.34906870871782303
38,38,3.637437343597412,3.649547815322876,2e-06,1.7594927988916491,0.016374231781810522,0.06617848665337078,0.08981595223303884,0.35145509243011475
39,39,3.5637850761413574,3.737460136413574,2e-06,1.890413285078791,0.016400371212512255,0.06736797592020594,0.08991486870218068,0.3565145432949066
40,40,3.6296749114990234,3.6116280555725098,2e-06,2.008849099314973,0.01638572197407484,0.06704434970743023,0.08987312414683402,0.3616047203540802
41,41,3.5776216983795166,3.603245258331299,2e-06,1.8973217302989385,0.016369860619306564,0.06676864644396119,0.0896935984492302,0.36298540979623795
42,42,3.5433366298675537,3.589413642883301,2e-06,1.796916154722928,0.016383763402700424,0.06704687702585943,0.08970730728469789,0.3694150373339653
43,43,3.6209354400634766,3.5211386680603027,2e-06,1.7063092668902449,0.01637229649350047,0.0670797017228324,0.08997441548854113,0.37337394058704376
44,44,3.573795795440674,3.6053431034088135,2e-06,1.6167141735776749,0.01637867372483015,0.06787564425030723,0.09008638840168715,0.3794213905930519
45,45,3.60979962348938,3.571348190307617,2e-06,1.762134835209982,0.016364128794521093,0.0673508369945921,0.09001611429266632,0.38282837718725204
46,46,3.5539324283599854,3.582766532897949,2e-06,1.8927152797401563,0.01639241073280573,0.06812352180713788,0.08992795820813626,0.386639766395092
47,47,3.552626848220825,3.5528714656829834,2e-06,2.010922254468903,0.016378108877688646,0.06778298609424382,0.0901277088560164,0.3880368024110794
48,48,3.594724655151367,3.5680317878723145,2e-06,2.116179839583939,0.016383616719394922,0.06798655042075552,0.08997438184451312,0.3930166959762573
49,49,3.560455799102783,3.5803463459014893,2e-06,2.211367969402615,0.016377693507820368,0.06748653284739703,0.09008922928478569,0.39391257613897324
50,50,3.589353084564209,3.581913471221924,2e-06,2.2976675220385845,0.016369363758713007,0.06850936912815087,0.09032056748401374,0.39958010613918304
51,51,3.5692505836486816,3.489659309387207,2e-06,2.3757121438822653,0.016384178306907415,0.06836417753947899,0.09002899972256273,0.40521182119846344
52,52,3.533900737762451,3.539647102355957,2e-06,2.218971500924442,0.01638121623545885,0.06865154058323242,0.09025354450568557,0.4066435843706131
53,53,3.5445926189422607,3.4953322410583496,2e-06,2.303911610306965,0.016378845553845167,0.06760453508468345,0.09007523918990046,0.4052981957793236
54,54,3.5628342628479004,3.623049020767212,2e-06,2.3810438373660485,0.01638368796557188,0.06912428283249028,0.09021629416383803,0.4128298684954643
55,55,3.5392227172851562,3.5014986991882324,2e-06,2.4500281412854896,0.016387856099754572,0.06900146626867354,0.09018834924791008,0.41588054597377777
56,56,3.500614643096924,3.5645148754119873,2e-06,2.5113197977697417,0.016368952579796314,0.06799610701273195,0.09020687057636678,0.41586456447839737
57,57,3.4831061363220215,3.524144172668457,2e-06,2.567987607733956,0.01637126924470067,0.06896718055941164,0.09018763341009617,0.42137138545513153
58,58,3.529730796813965,3.493623733520508,2e-06,2.618886460010397,0.016390048898756504,0.06913340560276993,0.09024631674401462,0.425487644970417
59,59,3.4882211685180664,3.553694725036621,2e-06,2.6647832949288155,0.01637717103585601,0.06842652388149872,0.09011906175874174,0.4257473424077034
60,60,3.4983348846435547,3.498450756072998,2e-06,2.705094154855114,0.01637489628046751,0.06907246500486508,0.09008720540441573,0.429971344769001
61,61,3.5357675552368164,3.550462007522583,2e-06,2.7419952588708725,0.01636053714901209,0.06894635641947389,0.090082170907408,0.43286001682281494
62,62,3.5050299167633057,3.5044333934783936,2e-06,2.7744401262631384,0.016380985733121634,0.06885322826565243,0.09022503683809191,0.43278441578149796
63,63,3.4865944385528564,3.4725286960601807,2e-06,2.8044005161244736,0.016379063483327627,0.06856624819920398,0.0901214157929644,0.43368639796972275
64,64,3.5067412853240967,3.557936429977417,2e-06,2.5986835124676126,0.016355758998543024,0.06920389068545774,0.09019687911495566,0.438981831073761
65,65,3.52579665184021,3.622225761413574,2e-06,2.645773000606287,0.016376669984310865,0.06835571792908013,0.09023601224180311,0.43812280148267746
66,66,3.475966453552246,3.5388691425323486,2e-06,2.687860384111431,0.01638812804594636,0.06873258567065932,0.09013980126474053,0.44310370087623596
67,67,3.473510265350342,3.5644001960754395,2e-06,2.7282760069847773,0.01639988971874118,0.06884764245478436,0.09007906704209745,0.4459414854645729
68,68,3.454041004180908,3.4756405353546143,2e-06,2.761954221103408,0.01637813402339816,0.06882275815587491,0.09002224099822342,0.4472992867231369
69,69,3.4876837730407715,3.470099687576294,2e-06,2.792277452401013,0.016377335414290428,0.0684463340730872,0.09030002797953784,0.44612277299165726
70,70,3.5009682178497314,3.5408880710601807,2e-06,2.602132551240775,0.01637778989970684,0.06886677126749419,0.09020155994221568,0.4488080218434334
71,71,3.389828681945801,3.5100669860839844,2e-06,2.6492523514287027,0.016384991817176342,0.06861681389273144,0.09021746588405222,0.44853128492832184
72,72,3.4618332386016846,3.5339536666870117,2e-06,2.691987962331246,0.01637198543176055,0.06841480996808968,0.09007594699505717,0.4535708725452423
73,73,3.4505515098571777,3.4457969665527344,2e-06,2.729187584325349,0.016394303645938635,0.06862080915016122,0.09018860582727939,0.45253151655197144
74,74,3.431758403778076,3.4420294761657715,2e-06,2.5457458636645685,0.016376095823943615,0.06861101681715809,0.09023754706140608,0.4540373980998993
75,75,3.4460232257843018,3.4631943702697754,2e-06,2.372070373406024,0.01638834923505783,0.06889580635470338,0.09030931536108255,0.4577469006180763
76,76,3.442129373550415,3.4747891426086426,2e-06,2.4419120116359063,0.01639494951814413,0.06860390387009829,0.09014756558462977,0.4600066766142845
77,77,3.445169448852539,3.4038403034210205,2e-06,2.5041361099690738,0.016389130614697933,0.06881060294108465,0.09013469540514052,0.46249154210090637
78,78,3.4143919944763184,3.481506586074829,2e-06,2.3428443432734958,0.016388471703976393,0.06802469267859124,0.0900232489220798,0.46097974479198456
79,79,3.4352145195007324,3.5330193042755127,2e-06,2.415523847585694,0.016376871149986982,0.0684474246809259,0.09023101965431124,0.4634253457188606
80,80,3.3937463760375977,3.4349708557128906,2e-06,2.4817296925280847,0.016375239938497543,0.06844813417410478,0.09002926654648036,0.465015172958374
81,81,3.4248270988464355,3.4636290073394775,2e-06,2.5414164882647836,0.016378043219447136,0.06820424876059406,0.0900157819269225,0.4676201269030571
82,82,3.379894971847534,3.4370033740997314,2e-06,2.5949663240438277,0.01638367958366871,0.06753693940117955,0.09015003265812993,0.46382005512714386
83,83,3.479597330093384,3.4529306888580322,2e-06,2.6454676052316453,0.016399243380874395,0.06817916591535322,0.09003550570923835,0.46673429757356644
84,84,3.521024227142334,3.4920310974121094,2e-06,2.6878569998199113,0.016376766841858625,0.0675702175067272,0.09003510850016028,0.4675663858652115
85,85,3.4004764556884766,3.394348621368408,2e-06,2.727845163341473,0.016367813106626272,0.06805765285389498,0.09025001875124872,0.46861495822668076
86,86,3.3813626766204834,3.4768223762512207,2e-06,2.5443485809232618,0.01639481633901596,0.06737158622127026,0.08989898138679564,0.46646495163440704
87,87,3.3896570205688477,3.5286147594451904,2e-06,2.5958853262471036,0.01639476977288723,0.06770875843358226,0.08988615311682224,0.4684108570218086
88,88,3.396216630935669,3.4265949726104736,2e-06,2.643706633443461,0.016396454069763422,0.06796387681970373,0.09013662487268448,0.47261861711740494
89,89,3.4496095180511475,3.477159261703491,2e-06,2.685895849411352,0.016395771875977516,0.06739518136600964,0.0898941446794197,0.4717544764280319
90,90,3.4035277366638184,3.386753797531128,2e-06,2.723645275423074,0.01638900302350521,0.06746424955781549,0.09004129667300731,0.4718097522854805
91,91,3.3626532554626465,3.4241347312927246,2e-06,2.540650178161607,0.016382177360355854,0.06783873040694743,0.08991086389869452,0.4762471839785576
92,92,3.3937249183654785,3.514559030532837,2e-06,2.5935104744687076,0.016401672270148993,0.06786182493669912,0.08996226009912789,0.4779706299304962
93,93,3.3491740226745605,3.430804491043091,2e-06,2.6405666232770764,0.016394779551774263,0.06672332994639874,0.0897989907534793,0.4714876189827919
94,94,3.453742265701294,3.3669474124908447,2e-06,2.6828996016515196,0.016388610936701298,0.06676965282531455,0.08984144567511976,0.4735875502228737
95,95,3.407498836517334,3.415288209915161,2e-06,2.4889484313969557,0.016392852179706097,0.06716542443609796,0.0899859694764018,0.47515521943569183
96,96,3.370600461959839,3.401266574859619,2e-06,2.546357505738648,0.01640660548582673,0.06699137450777926,0.08990277268458158,0.4763714373111725
97,97,3.4055731296539307,3.4295575618743896,2e-06,2.5981870341232387,0.016387874726206064,0.06689092074520886,0.08994098019320518,0.47526756674051285
98,98,3.389544725418091,3.4721899032592773,2e-06,2.6463440231884796,0.01640557637438178,0.06721639877650887,0.08989506028592587,0.4813199043273926
99,99,3.3318586349487305,3.4722867012023926,2e-06,2.6901512661800338,0.016397271305322647,0.06588038764311932,0.08986184559762478,0.47778527438640594
100,100,3.373121738433838,3.333014726638794,2e-06,2.728046548576918,0.0164083712734282,0.06638536514947191,0.08981862815562636,0.478874996304512
101,101,3.4462552070617676,3.4453518390655518,2e-06,2.5447461763575334,0.016391460318118334,0.0668844633619301,0.08974923496134579,0.480521023273468
102,102,3.422872543334961,3.3663671016693115,2e-06,2.5984438453714342,0.016400157939642668,0.06585130776511505,0.08975302486214787,0.4777499660849571
103,103,3.343658924102783,3.387669086456299,2e-06,2.6451302781099253,0.016401299741119146,0.06556268216809258,0.08971643634140491,0.4779009446501732
104,104,3.4622857570648193,3.417541742324829,2e-06,2.6883809298575354,0.01639560842886567,0.06621302722487599,0.08969880221411586,0.48293887823820114
105,105,3.440579414367676,3.502772331237793,2e-06,2.727687803767651,0.016395242419093847,0.06609461439074948,0.08987386024091393,0.477472685277462
106,106,3.3858017921447754,3.361346960067749,2e-06,2.7624934335118945,0.01639751996845007,0.06603170474409126,0.08975661511067301,0.47984031587839127
107,107,3.333159923553467,3.4379055500030518,2e-06,2.7926749220684197,0.016397127881646156,0.06529049333767034,0.08957413153257221,0.47523023933172226
108,108,3.399024248123169,3.4454102516174316,2e-06,2.821185416214863,0.016392906196415424,0.06564330475521274,0.08974786486942321,0.47918742150068283
109,109,3.414334535598755,3.3665812015533447,2e-06,2.844210504128479,0.016382295172661543,0.0649964967451524,0.08978380390908569,0.4741775318980217
110,110,3.370504140853882,3.3745336532592773,2e-06,2.8670342203016066,0.016388384625315666,0.06457251621759497,0.08961463894229382,0.47449784725904465
111,111,3.4113032817840576,3.501070261001587,2e-06,2.8866340409571802,0.016400291584432125,0.06517151315347292,0.08964999893214554,0.4771532416343689
112,112,3.3697428703308105,3.341991901397705,2e-06,2.905932686279707,0.0164067093282938,0.06532762694405392,0.08968434017151594,0.47736865282058716
113,113,3.4190893173217773,3.358625650405884,2e-06,2.9216770787069968,0.016404447611421347,0.06451871822355315,0.08960372360888869,0.4737955182790756
114,114,3.3371963500976562,3.336184024810791,2e-06,2.9357714566087534,0.01640909817069769,0.0654040489171166,0.08963539428077638,0.4784514904022217
115,115,3.3276562690734863,3.3242928981781006,2e-06,2.948697423040799,0.016397228464484215,0.06518868869170547,0.0895816256524995,0.4765966981649399
116,116,3.373558282852173,3.4253361225128174,2e-06,2.7296799702436934,0.01639993442222476,0.06489144993247464,0.08958498586434871,0.47433359175920486
117,117,3.3346145153045654,3.3717522621154785,2e-06,2.7633604243411587,0.016391640063375235,0.06391124450601637,0.08944649551995099,0.4694351404905319
118,118,3.3724145889282227,3.3907761573791504,2e-06,2.792676485772503,0.016399418469518423,0.06392065293039195,0.08934817265253514,0.47616418451070786
119,119,3.3353800773620605,3.3101959228515625,2e-06,2.8194511569940484,0.016403029672801495,0.06425122055225074,0.08959667664021254,0.47392286360263824
120,120,3.3486082553863525,3.3724560737609863,2e-06,2.625668212304178,0.01640319637954235,0.06435828696703538,0.08920598158147186,0.4757230281829834
121,121,3.3356003761291504,3.33366060256958,2e-06,2.669935941976143,0.0164156686514616,0.06392252870136872,0.08935903396923095,0.47647295892238617
122,122,3.3275210857391357,3.3586196899414062,2e-06,2.709488033314688,0.016418670769780874,0.06394918661681004,0.08951433515176177,0.4734595865011215
123,123,3.380920171737671,3.2930524349212646,2e-06,2.745202560779692,0.01639823568984866,0.06369686708785594,0.08954476413782686,0.47216398268938065
124,124,3.386363983154297,3.390721321105957,2e-06,2.5598951298064723,0.016395410522818565,0.06305295796482824,0.08943051833193749,0.46783333271741867
125,125,3.355217695236206,3.386240005493164,2e-06,2.611316816010302,0.01640424272045493,0.06428655574563891,0.08952859183773398,0.47513309866189957
126,126,3.335021495819092,3.3565592765808105,2e-06,2.65741360708469,0.016419814433902502,0.06342020831652917,0.08944081957451999,0.47108297795057297
127,127,3.3393661975860596,3.3224244117736816,2e-06,2.698235505352689,0.016414854675531387,0.06359150816570036,0.08938566769938916,0.4716491475701332
128,128,3.307737350463867,3.3591148853302,2e-06,2.7360632701107637,0.01641120621934533,0.06362083219573833,0.08944712264928967,0.4710690453648567
129,129,3.3338823318481445,3.3399899005889893,2e-06,2.7692474863987857,0.01641301391646266,0.06339958935859613,0.08957739954348654,0.4677650257945061
130,130,3.3102035522460938,3.2881948947906494,2e-06,2.799842044817451,0.016416354570537806,0.06334327658987604,0.08933260454796255,0.47199761867523193
131,131,3.311617136001587,3.2958502769470215,2e-06,2.608752786660284,0.016410998534411192,0.06298866242286749,0.08941757609136403,0.4687899425625801
132,132,3.3460559844970703,3.351001262664795,2e-06,2.6550869732914864,0.0164221809245646,0.06353785505052656,0.08940156584139913,0.4708547815680504
133,133,3.2968766689300537,3.332488775253296,2e-06,2.695892990578537,0.016421621199697256,0.06321221397956833,0.08918386907316744,0.4710678905248642
134,134,3.3541529178619385,3.3221495151519775,2e-06,2.7327027849629784,0.01640444714576006,0.06267489120364189,0.08937128644902259,0.46856384724378586
135,135,3.2566869258880615,3.4252068996429443,2e-06,2.7676450985966343,0.01642295392230153,0.06280316805350594,0.08935113425832242,0.46990448236465454
136,136,3.2259063720703125,3.346743583679199,2e-06,2.7976873795271966,0.016404221765697002,0.06351388865732588,0.08933684346266091,0.47111960500478745
137,137,3.3300137519836426,3.3821539878845215,2e-06,2.824747775475147,0.01641935808584094,0.06298959779087454,0.08944358304142952,0.46836448460817337
138,138,3.2886476516723633,3.2560765743255615,2e-06,2.8493630421083016,0.016397601924836636,0.06319195334799588,0.08939154969993979,0.4693780019879341
139,139,3.3487136363983154,3.3301963806152344,2e-06,2.6535852724128213,0.01639920100569725,0.06215592016815208,0.08945552469231188,0.4676121920347214
140,140,3.312124252319336,3.3043105602264404,2e-06,2.6945846559399844,0.01640782644972205,0.06275560049107298,0.08935791731346399,0.46799633651971817
141,141,3.2870635986328125,3.3672378063201904,2e-06,2.7328694339335957,0.016410536598414183,0.06269607061403804,0.08932367293164134,0.46955911815166473
142,142,3.2942721843719482,3.38444447517395,2e-06,2.766520000829036,0.016393261961638927,0.06269508163677529,0.08939310151617974,0.46636347472667694
143,143,3.340384006500244,3.2554771900177,2e-06,2.7965956012675415,0.01641342230141163,0.06236800702754408,0.08947314135730267,0.46573953330516815
144,144,3.2862730026245117,3.2606217861175537,2e-06,2.6060451480872144,0.016417551320046186,0.06185452674981207,0.08939838712103665,0.45655281841754913
145,145,3.30560564994812,3.352332592010498,2e-06,2.6523327516388315,0.01640860689803958,0.061825865297578275,0.08938194334041327,0.4627305194735527
146,146,3.34840989112854,3.3259549140930176,2e-06,2.6935863732236487,0.01642513507977128,0.06198548394604586,0.08959483075886965,0.4610298052430153
147,147,3.2544281482696533,3.3399786949157715,2e-06,2.732593448273954,0.01640874659642577,0.06184565110015683,0.08935544092673808,0.45821812748908997
148,148,3.3331010341644287,3.2706754207611084,2e-06,2.7657933029509585,0.016407091170549393,0.06182483385782689,0.08940819941926748,0.4613984525203705
149,149,3.2894978523254395,3.359189033508301,2e-06,2.796075611436143,0.016414611134678125,0.06178917511715554,0.08922905684448779,0.4617394730448723
150,150,3.312218427658081,3.3329427242279053,2e-06,2.8228928041127728,0.016416915226727724,0.061349367460934445,0.08939335180912167,0.4631388559937477
151,151,3.236180067062378,3.291083812713623,2e-06,2.84698033661775,0.016425703652203083,0.06207620017812587,0.08939934929367155,0.4665374830365181
152,152,3.240351438522339,3.29498028755188,2e-06,2.86984038418506,0.016401372849941254,0.06188034082879312,0.08936410245951265,0.4652615487575531
153,153,3.250951051712036,3.3669488430023193,2e-06,2.8901921184593964,0.016421510837972164,0.06129116582451388,0.08929522742982954,0.46696701645851135
154,154,3.270524263381958,3.325024127960205,2e-06,2.9082134454086175,0.016417515464127064,0.061744981561787426,0.08945370349101722,0.46595776826143265
155,155,3.3253743648529053,3.247403860092163,2e-06,2.923697367949368,0.01641453616321087,0.061551672901259735,0.08937478007283062,0.4644884988665581
156,156,3.2168242931365967,3.2408740520477295,2e-06,2.7000795098114665,0.016428622882813215,0.061081359861418605,0.08927055227104574,0.46333011984825134
157,157,3.254870891571045,3.250532627105713,2e-06,2.5191812939913962,0.016431592404842377,0.060553334857104346,0.08944600715767592,0.46113283187150955
158,158,3.290560245513916,3.2573792934417725,2e-06,2.5754053997791555,0.016432324424386024,0.061695241689449176,0.08940610254649073,0.466831736266613
159,159,3.2397594451904297,3.341527223587036,2e-06,2.62548758638098,0.01641233917325735,0.06117520100087859,0.08960221929010004,0.4616907238960266
160,160,3.236879348754883,3.1897823810577393,2e-06,2.6694764031399534,0.01642341958358884,0.06194307716214098,0.08967218815814704,0.4646174684166908
161,161,3.2233245372772217,3.250523567199707,2e-06,2.4918183596175054,0.01642206823453307,0.061899545951746404,0.0896680939476937,0.4632432982325554
162,162,3.284420967102051,3.2834179401397705,2e-06,2.5493465318909077,0.01641355501487851,0.061721264850348234,0.08968164259567857,0.4655078500509262
163,163,3.272937297821045,3.249577760696411,2e-06,2.601950911748157,0.016407318878918886,0.061696227436186746,0.0894573152763769,0.46569647639989853
164,164,3.25339674949646,3.279975652694702,2e-06,2.6478742811974154,0.016421246342360973,0.06170035447576083,0.08961230958811939,0.46183469146490097
165,165,3.212043285369873,3.2992496490478516,2e-06,2.689612939845602,0.01641964726150036,0.060965759214013815,0.089642851264216,0.4608851373195648
166,166,3.2312686443328857,3.267465591430664,2e-06,2.726942067994256,0.016418903600424528,0.06082377687562257,0.08969874877948314,0.4600304067134857
167,167,3.2503106594085693,3.2459490299224854,2e-06,2.7606651865689367,0.016428779810667038,0.06120137305697426,0.08940050879027694,0.4634638950228691
168,168,3.254894495010376,3.2938060760498047,2e-06,2.7907899357156825,0.01644209213554859,0.0614788043894805,0.08949427923653275,0.46519073843955994
169,169,3.2769112586975098,3.210845947265625,2e-06,2.817958187153302,0.016415582038462162,0.061156722134910524,0.08931667672004551,0.46170680969953537
170,170,3.163130521774292,3.3042659759521484,2e-06,2.843979875706598,0.0164391053840518,0.06115357961971313,0.08953621168620884,0.4617897644639015
171,171,3.2274999618530273,3.2331643104553223,2e-06,2.8671848779903226,0.016426031477749348,0.060658760339720175,0.08955330133903772,0.4602081701159477
172,172,3.2174599170684814,3.237569808959961,2e-06,2.8870458725934127,0.016409972216933966,0.06027078864281066,0.08937211823649704,0.4581497311592102
173,173,3.234433650970459,3.245586395263672,2e-06,2.903754369796802,0.016424911562353373,0.060218609927687794,0.08931007829960436,0.46141815930604935
174,174,3.2005043029785156,3.285619020462036,2e-06,2.9162545481492828,0.01641404302790761,0.0608172070060391,0.08960937359370291,0.46064645051956177
175,175,3.2012267112731934,3.2083427906036377,2e-06,2.9310416917029847,0.01643303455784917,0.06088958663167432,0.08949029399082065,0.4649015888571739
176,176,3.2014923095703125,3.212876081466675,2e-06,2.944340667327884,0.016411898657679558,0.061251769366208464,0.08947614848148078,0.46088800579309464
177,177,3.1722803115844727,3.2424395084381104,2e-06,2.956819719522009,0.01643217448145151,0.0609988892392721,0.08959652460180223,0.4653621315956116
178,178,3.3321125507354736,3.2518911361694336,2e-06,2.9692472060264654,0.016440939623862505,0.06070535734761506,0.08968736545648426,0.46199244260787964
179,179,3.2161033153533936,3.2184441089630127,2e-06,2.9785151018351765,0.016431775875389576,0.061033735662931576,0.08981673314701766,0.4641602858901024
180,180,3.277039051055908,3.228116750717163,2e-06,2.9878248702097405,0.016431018710136414,0.06013920783880167,0.08974623936228454,0.46302933990955353
181,181,3.1487672328948975,3.2261104583740234,2e-06,2.9968483056894057,0.016431433614343405,0.061148614302510396,0.08978013042360544,0.46486562490463257
182,182,3.2093520164489746,3.1816821098327637,2e-06,3.0034431018313166,0.01643407065421343,0.06064836660516448,0.08977891481481493,0.46638762205839157
183,183,3.18878173828125,3.2570438385009766,2e-06,2.7836992447575395,0.016417207662016153,0.06097322326968424,0.08972021390218288,0.4661017209291458
184,184,3.178551435470581,3.274425506591797,2e-06,2.8101652010269444,0.016450409777462482,0.06068597940611653,0.08980917779263109,0.4654289186000824
185,185,3.193197727203369,3.2547407150268555,2e-06,2.8365632785698485,0.01642510574311018,0.06098500787629746,0.08966088015586138,0.46072057634592056
186,186,3.196485757827759,3.2088189125061035,2e-06,2.8597611398499554,0.016430900897830725,0.06075977970613167,0.08984582149423659,0.4607751667499542
187,187,3.235503673553467,3.2490780353546143,2e-06,2.8801692652631794,0.016454874072223902,0.06055497541092336,0.08952710148878396,0.46347667276859283
188,188,3.206355094909668,3.239551544189453,2e-06,2.898564261830901,0.01640451466664672,0.060179281659657136,0.08973398280795664,0.46229827404022217
189,189,3.150160789489746,3.194533109664917,2e-06,2.916463340492328,0.016429854091256857,0.06047207996016368,0.08982441783882678,0.45852743834257126
190,190,3.225114583969116,3.161921501159668,2e-06,2.9319592859360526,0.01643829606473446,0.059893010184168816,0.0897690145066008,0.4581359028816223
191,191,3.1664178371429443,3.2486934661865234,2e-06,2.71257599714952,0.016414223704487085,0.060341594798956066,0.0898463778430596,0.45753613859415054
192,192,3.215061664581299,3.185629367828369,2e-06,2.7477728686414555,0.016437551472336054,0.060068798455176875,0.08976949844509363,0.4566210210323334
193,193,3.2426629066467285,3.2085134983062744,2e-06,2.779373069813411,0.01641990290954709,0.060451883560745046,0.08979326346889138,0.46067995578050613
194,194,3.2152552604675293,3.2157387733459473,2e-06,2.8078821287255202,0.016442030668258667,0.05997939928784035,0.0895578128984198,0.4617629423737526
195,195,3.2073161602020264,3.2664852142333984,2e-06,2.8332663043958513,0.016434530261904,0.06045108020771295,0.08981799380853772,0.4615451246500015
196,196,3.211385726928711,3.2282161712646484,2e-06,2.8566726878948505,0.016445370391011238,0.060079981631133705,0.08977354306261986,0.4599374383687973
197,197,3.2102038860321045,3.231710195541382,2e-06,2.877021469003684,0.01643839431926608,0.05950646830024198,0.08969042438548058,0.45949385315179825
198,198,3.174370765686035,3.2192039489746094,2e-06,2.8960530127324824,0.016454359516501427,0.060191732249222696,0.0897477165563032,0.4659949019551277
199,199,3.180960178375244,3.215306282043457,2e-06,2.9138011482988815,0.016451224219053984,0.05943572780233808,0.08967726188711822,0.46058012545108795
200,200,3.1998660564422607,3.2597854137420654,2e-06,2.9301826693083615,0.016443376429378986,0.059840860951226205,0.089887022273615,0.46022817492485046
201,201,3.17704701423645,3.1813008785247803,2e-06,2.943418393009893,0.01644811313599348,0.05983787126024254,0.08990438270848244,0.4616333544254303
202,202,3.165008068084717,3.2259597778320312,2e-06,2.9559876401973115,0.01645443495362997,0.05973765117232688,0.08982740575447679,0.46325526386499405
203,203,3.2181923389434814,3.2316975593566895,2e-06,2.9667204628408785,0.016453247517347336,0.05971738739754073,0.08976526488550007,0.4625227600336075
204,204,3.159635305404663,3.1425621509552,2e-06,2.977293862093212,0.016440740320831537,0.06011494909762405,0.08979209116660058,0.46483156085014343
205,205,3.2282190322875977,3.1969285011291504,2e-06,2.768827875249939,0.01643453724682331,0.06000607350142673,0.08976393530610949,0.46237315237522125
206,206,3.1720211505889893,3.226341485977173,2e-06,2.7963578263139706,0.016439718659967184,0.059152175759663805,0.08991107053589076,0.4596458077430725
207,207,3.1760685443878174,3.186290979385376,2e-06,2.822812199753416,0.016444533597677946,0.05979975769878365,0.08987247536424547,0.46383216977119446
208,208,3.152855634689331,3.23209810256958,2e-06,2.8468227513925926,0.016455676406621933,0.05905450409045443,0.08987425116356462,0.4573499336838722
209,209,3.1779661178588867,3.1225950717926025,2e-06,2.8703981683650635,0.01644200272858143,0.05925684163230471,0.08977782272268087,0.45894766598939896
210,210,3.2099828720092773,3.182213306427002,2e-06,2.663881923068165,0.016441591549664736,0.05897698915214278,0.08990110701415688,0.45883844792842865
211,211,3.2186648845672607,3.1509196758270264,2e-06,2.7043634968376553,0.016448595095425844,0.05893153036595322,0.08987261657603085,0.45991040766239166
212,212,3.2122926712036133,3.189276933670044,2e-06,2.741842137294742,0.016450367867946625,0.059928785485681146,0.08993557584472,0.4616529121994972
213,213,3.220641613006592,3.1395137310028076,2e-06,2.775169749014526,0.01644955761730671,0.06024121536756866,0.08994189219083637,0.46257515251636505
214,214,3.137439727783203,3.2418084144592285,2e-06,2.8044263947720207,0.016448373906314373,0.06019833579193801,0.08999604627024382,0.4629041403532028
215,215,3.2241156101226807,3.1823863983154297,2e-06,2.83034301613933,0.016443861182779074,0.0595186137361452,0.08991099277045578,0.4592842012643814
216,216,3.217449188232422,3.202561378479004,2e-06,2.8536112824184516,0.016438860911875963,0.05998769454890862,0.0899433409795165,0.4630894064903259
217,217,3.2399163246154785,3.1689281463623047,2e-06,2.8759395960216065,0.016441752668470144,0.060249762260355055,0.08995884784962982,0.4648132845759392
218,218,3.207648754119873,3.141615390777588,2e-06,2.8960657225205577,0.016458441503345966,0.05946833160123788,0.09009952400811017,0.4610523134469986
219,219,3.0965845584869385,3.228217840194702,2e-06,2.913078522558797,0.016447221394628286,0.05903597979340702,0.09007178095635027,0.45937807112932205
220,220,3.2248096466064453,3.147660732269287,2e-06,2.9296133944929474,0.016446526627987623,0.06009742998867296,0.0900127406930551,0.4672045335173607
221,221,3.212092638015747,3.138350248336792,2e-06,2.9442373520559046,0.016437869053333998,0.05898998933844268,0.08997782703954726,0.4633348360657692
222,222,3.172287940979004,3.0986392498016357,2e-06,2.9560359056373433,0.016453807707875967,0.05942774910363369,0.09010196558665484,0.4651251658797264
223,223,3.1857032775878906,3.1978042125701904,2e-06,2.7495620435083623,0.01644291542470455,0.05926804957562126,0.09007778996601701,0.4638594835996628
224,224,3.1458895206451416,3.158352851867676,2e-06,2.780477148732791,0.01645942823961377,0.05998360537341796,0.09006190032232553,0.4708726555109024
225,225,3.147826910018921,3.1453521251678467,2e-06,2.8100487573748767,0.01644882559776306,0.05929681891575456,0.09002744010649621,0.46454398334026337
226,226,3.1321043968200684,3.165830612182617,2e-06,2.8369766025708407,0.016456870827823877,0.05963932056329213,0.09008744836319238,0.46523023396730423
227,227,3.2063963413238525,3.1425387859344482,2e-06,2.860105367785295,0.016456520184874535,0.05975365391350351,0.09027943923138082,0.4687604531645775
228,228,3.129302740097046,3.225558280944824,2e-06,2.8811265554486294,0.016449252609163523,0.060088081256253645,0.09017126425169408,0.46907106041908264
229,229,3.1200273036956787,3.1705241203308105,2e-06,2.89669194427064,0.01645483449101448,0.059397899225587025,0.09012798953335732,0.4665488079190254
230,230,3.1305742263793945,3.1406304836273193,2e-06,2.910588741763367,0.016464155167341232,0.05946522203157656,0.09027587110176682,0.46670765429735184
231,231,3.176023244857788,3.1693358421325684,2e-06,2.9243811210280732,0.016451598145067692,0.059157650044653565,0.09003913006745279,0.4652826339006424
232,232,3.1326918601989746,3.16029953956604,2e-06,2.936163919292139,0.016448908485472202,0.05982052118633874,0.09003652178216726,0.46879683434963226
233,233,3.152338743209839,3.1138811111450195,2e-06,2.948389905302348,0.01647601881995797,0.0594212019641418,0.09030439530033618,0.46562350541353226
234,234,3.171922445297241,3.164381265640259,2e-06,2.959800183437053,0.016457978636026382,0.059413476032204926,0.09018679475411773,0.46618009358644485
235,235,3.1574361324310303,3.1607091426849365,2e-06,2.9690435090952425,0.016460686922073364,0.05974561316543259,0.09019722777884454,0.46793126314878464
236,236,3.122753143310547,3.1558380126953125,2e-06,2.976684586138852,0.016452159732580185,0.05876654019812122,0.09030567365698516,0.4625883847475052
237,237,3.1545095443725586,3.1766440868377686,2e-06,2.982064042448454,0.016458434984087944,0.058653672313084826,0.09017561154905707,0.4632737562060356
238,238,3.168435573577881,3.087975025177002,2e-06,2.986041412533498,0.01646299520507455,0.05971757060615346,0.0902851897990331,0.46626701205968857
239,239,3.116159677505493,3.1508607864379883,2e-06,2.7661708707763615,0.01645258953794837,0.05890024462132715,0.09027690510265529,0.4652966037392616
240,240,3.178187131881714,3.1747963428497314,2e-06,2.7914364030364807,0.016457547899335623,0.05857006792211905,0.09024047141429037,0.46466290950775146
241,241,3.1981542110443115,3.2027244567871094,2e-06,2.8172429732302744,0.01647376222535968,0.05903640956967138,0.09016413276549429,0.46817681193351746
242,242,3.1195147037506104,3.1084365844726562,2e-06,2.841815170799976,0.016460150480270386,0.05863159993896261,0.090110415359959,0.46595384925603867
243,243,3.1986289024353027,3.136967897415161,2e-06,2.8638997872229637,0.016472879331558943,0.05946080177091062,0.0902146534062922,0.472055085003376
244,244,3.1881580352783203,3.1116855144500732,2e-06,2.8840048127070066,0.016467032954096794,0.059071722615044564,0.09033384267240763,0.4649136886000633
245,245,3.1828458309173584,3.161414623260498,2e-06,2.9020243580218805,0.016449619084596634,0.05893238479620777,0.09036195534281433,0.46837083250284195
246,246,3.0939407348632812,3.142987012863159,2e-06,2.918068492682906,0.01646012905985117,0.058974990621209145,0.0904090974945575,0.46750709414482117
247,247,3.116452693939209,3.089052438735962,2e-06,2.9341166367901024,0.016468763817101717,0.05914677746477537,0.09027669939678162,0.46787821501493454
248,248,3.156017780303955,3.153506278991699,2e-06,2.9483045603377596,0.016482786275446415,0.0593297099112533,0.09036492009181529,0.47208642214536667
249,249,3.137253999710083,3.0504679679870605,2e-06,2.959884001592108,0.01646849326789379,0.05859483635867946,0.09038199577480555,0.4643772765994072
250,250,3.1387534141540527,3.118553638458252,2e-06,2.753021444758018,0.016456916462630033,0.05885837256209925,0.09046245843637735,0.4706793650984764
251,251,3.1281769275665283,3.1821978092193604,2e-06,2.784671040655915,0.016456802375614643,0.05933396055479534,0.09039991162717342,0.4706888943910599
252,252,3.1435961723327637,3.1016769409179688,2e-06,2.8139737474694915,0.016458768397569656,0.0590660753659904,0.09040365042164922,0.47301607578992844
253,253,3.1450371742248535,3.155047655105591,2e-06,2.839014633731293,0.016471312381327152,0.05899158987449482,0.09035085758659989,0.47020889818668365
254,254,3.1560564041137695,3.123049020767212,2e-06,2.8613469250124357,0.016481646802276373,0.05952131102094427,0.09045144775882363,0.4759800657629967
255,255,3.089311122894287,3.1346375942230225,2e-06,2.8819858531701397,0.016464226879179478,0.05888509622309357,0.09034517838153988,0.4736653193831444
256,256,3.1265146732330322,3.1582465171813965,2e-06,2.9013399065035133,0.01648388197645545,0.05940991314128041,0.09047565027140081,0.47092219442129135
257,257,3.164271831512451,3.1254451274871826,2e-06,2.917684705573132,0.016460938844829798,0.05871491855941713,0.09051251946948469,0.471804179251194
258,258,3.1511921882629395,3.103250741958618,2e-06,2.9322822464191503,0.016462713945657015,0.05879953384282999,0.09049752890132368,0.471241720020771
259,259,3.123173713684082,3.10187029838562,2e-06,2.9453802091832446,0.016472390852868557,0.05851450201589614,0.09044280694797635,0.4671289250254631
260,260,3.097442150115967,3.1624205112457275,2e-06,2.958526863774181,0.016477597877383232,0.05803322183783166,0.09040394437033683,0.4648948758840561
261,261,3.12477445602417,3.0841333866119385,2e-06,2.9689740461488308,0.016480097081512213,0.05890930179157294,0.09039633255451918,0.4707780256867409
262,262,3.1469247341156006,3.0431556701660156,2e-06,2.977943913808176,0.0164811541326344,0.05895291763590649,0.09052791225258261,0.4710211157798767
263,263,3.0577659606933594,3.2214884757995605,2e-06,2.7610411819659295,0.01648120814934373,0.058714041573693976,0.09040180849842727,0.4717315658926964
264,264,3.0726566314697266,3.1209092140197754,2e-06,2.791826472588487,0.016469393391162157,0.05918707407545298,0.09050933714024723,0.4692702516913414
265,265,3.1359407901763916,3.1658833026885986,2e-06,2.818914681320138,0.0164556335657835,0.058703960123239085,0.09040437696967274,0.4712897762656212
266,266,3.185166597366333,3.1707425117492676,2e-06,2.8435209199756626,0.016462682746350765,0.05811207226361148,0.09049458883237094,0.4680629298090935
267,267,3.0909907817840576,3.1437387466430664,2e-06,2.865653022336232,0.01647550892084837,0.05841722525656223,0.09051646140869707,0.4719374030828476
268,268,3.152259588241577,3.11177396774292,2e-06,2.8870211230304017,0.01645158277824521,0.05878039030358195,0.09056341624818742,0.47482671588659286
269,269,3.0756654739379883,3.1371383666992188,2e-06,2.9043801937491796,0.016460688319057226,0.058244907966582105,0.09050742432009429,0.4727078229188919
270,270,3.0798165798187256,3.095304250717163,2e-06,2.9202973850262723,0.016466831788420677,0.05823018873343244,0.09064262139145285,0.4705655723810196
271,271,3.1778440475463867,3.084115743637085,2e-06,2.936281545998947,0.016476595774292946,0.05831340845907107,0.09073321311734617,0.47047392278909683
272,272,3.0576376914978027,3.1478166580200195,2e-06,2.950700047275511,0.016472802497446537,0.05835895650670864,0.09069719060789794,0.4712364003062248
273,273,3.1240956783294678,3.073777437210083,2e-06,2.96375452280705,0.016488505993038416,0.05802721038344316,0.09062974771950394,0.4692479372024536
274,274,3.06722092628479,3.097625494003296,2e-06,2.973107121151712,0.016483875457197428,0.05807488635764457,0.09047022985760123,0.46959685534238815
275,275,3.111851453781128,3.140488624572754,2e-06,2.9821853745652853,0.016474025789648294,0.05806415365077555,0.090724395820871,0.4686259627342224
276,276,3.0988519191741943,3.083669900894165,2e-06,2.9918613711798443,0.016472316347062588,0.05772744951536879,0.09064113989006728,0.46897000074386597
277,277,3.1363890171051025,3.1611111164093018,2e-06,2.9994739008914126,0.016482322942465544,0.0593123066064436,0.09060677664820105,0.47765953838825226
278,278,3.1179041862487793,3.093987464904785,2e-06,3.0065358626199865,0.016483033541589975,0.05871413866407238,0.09054643707349896,0.4764178469777107
279,279,3.1123085021972656,3.0902323722839355,2e-06,3.0121113096688217,0.01649082452058792,0.0583290274371393,0.09066227066796273,0.47206270694732666
280,280,3.020681381225586,3.11140513420105,2e-06,3.0174012637830003,0.016486505512148142,0.05832608439959586,0.09061577322427183,0.47269362211227417
281,281,3.1050360202789307,3.1860084533691406,2e-06,3.022080488682943,0.01647839229553938,0.05837455770233646,0.09065202320925891,0.47272681444883347
282,282,3.076117515563965,3.0324339866638184,2e-06,3.0279238732483886,0.01649208553135395,0.058125020208535716,0.09061570966150612,0.4732165262103081
283,283,3.1190268993377686,3.095928192138672,2e-06,2.8079135682684204,0.016473259311169386,0.058124204544583336,0.09068703150842339,0.4692559540271759
284,284,3.1679201126098633,3.16576886177063,2e-06,2.834202760201553,0.016491486225277185,0.05871284689055756,0.09067834063898772,0.47749609500169754
285,285,3.0547869205474854,3.055694580078125,2e-06,2.8569319510373226,0.016487527638673782,0.05793028758489527,0.09071842185221612,0.47150085121393204
286,286,3.140810489654541,3.075812339782715,2e-06,2.8772682770123534,0.016488422639667988,0.05875721533084288,0.09058730979450047,0.47761934995651245
287,287,3.0238564014434814,3.097294330596924,2e-06,2.895825798925615,0.016493285074830055,0.058376370783662423,0.09070467157289386,0.4748237729072571
288,288,3.032113552093506,3.0453829765319824,2e-06,2.9125991047097113,0.016474471427500248,0.05741295812185854,0.09074246208183467,0.47270262986421585
289,289,3.0162007808685303,3.1079936027526855,2e-06,2.9277889372940167,0.01648341678082943,0.05813575183856301,0.09062112343963236,0.4782605394721031
290,290,3.052140235900879,3.079963207244873,2e-06,2.9416537605473287,0.01650653686374426,0.05799365256098099,0.0907437059795484,0.4753479063510895
291,291,3.058262586593628,3.1455323696136475,2e-06,2.953518579161515,0.016490972135215998,0.05847305877250619,0.09070505737327039,0.477409228682518
292,292,3.055429220199585,3.073587656021118,2e-06,2.964514506822588,0.016500357072800398,0.058197776204906404,0.09083667083177716,0.47673312574625015
293,293,3.0606467723846436,3.0832319259643555,2e-06,2.9744256922270647,0.01648278394713998,0.0576303748821374,0.09071727620903403,0.4760616272687912
294,294,3.09285831451416,3.082731008529663,2e-06,2.9851287728350373,0.016487349290400743,0.05845686135580763,0.09081435680855066,0.4788588881492615
295,295,3.0809268951416016,3.077566623687744,2e-06,2.9939312890593146,0.016487075481563807,0.057965934654930606,0.09086462389677763,0.4766721725463867
296,296,3.0274503231048584,3.1241021156311035,2e-06,3.0008575987554256,0.01649434259161353,0.05829425289994106,0.09080489142797887,0.4790513664484024
297,297,3.1580286026000977,3.0629050731658936,2e-06,3.007214152277393,0.01649721898138523,0.0584829636500217,0.09095813171006739,0.48204977065324783
298,298,3.0640335083007812,3.1452178955078125,2e-06,3.012981660622553,0.01648928690701723,0.05785620634560473,0.09098177892155945,0.47612766921520233
299,299,3.0269925594329834,3.10325026512146,2e-06,3.0178498152637867,0.016508441884070635,0.05741193535504863,0.09095109475310892,0.4764071851968765
300,300,3.052844762802124,3.0795133113861084,2e-06,3.023850314656866,0.016483718995004892,0.05824047132045962,0.09092638071160764,0.47886817157268524
301,301,3.04213547706604,3.0715134143829346,2e-06,3.0291213637867456,0.016474494244903326,0.058827637432841584,0.09082626714371145,0.4794929027557373
302,302,3.04714035987854,3.0374903678894043,2e-06,3.0326839637745056,0.016489281319081783,0.05746168998302892,0.09088054951280355,0.4727647230029106
303,303,3.021261692047119,3.0839970111846924,2e-06,3.03593354506288,0.016475388780236244,0.05723798868712038,0.09097316500265151,0.47459010034799576
304,304,3.125971555709839,3.016064167022705,2e-06,3.03861509450945,0.016497986856848,0.058262918930267915,0.09097609529271722,0.4809221103787422
305,305,3.0869977474212646,3.0140483379364014,2e-06,2.823913720457627,0.0165025657042861,0.05734988921904005,0.09090325341094285,0.47811712324619293
306,306,3.0420005321502686,3.0430855751037598,2e-06,2.6308909170381654,0.016496106516569853,0.05778594419825822,0.09088108583819121,0.4800046309828758
307,307,3.0678257942199707,3.067192316055298,2e-06,2.674976676092361,0.016502160113304853,0.05792291325633414,0.09094356757123023,0.4800046533346176
308,308,3.13326096534729,3.111525535583496,2e-06,2.7138713499086577,0.016509315464645624,0.057653690164443105,0.09092082246206701,0.4751529097557068
309,309,3.085486888885498,3.1042988300323486,2e-06,2.7502274585054014,0.01649841060861945,0.058226670313160866,0.09086947469040751,0.4780610725283623
310,310,3.0035321712493896,3.0995867252349854,2e-06,2.7831735834516684,0.01651932578533888,0.05869011883623898,0.09096571570262313,0.4839477092027664
311,311,3.0022754669189453,3.078263759613037,2e-06,2.811310696313389,0.016505778301507235,0.05823669634992257,0.09089969308115542,0.4818011298775673
312,312,3.0950160026550293,3.043419122695923,2e-06,2.8378302612299837,0.01651241397485137,0.05788877629674971,0.0909794446779415,0.48432812094688416
313,313,3.0862269401550293,3.048658609390259,2e-06,2.860330910012044,0.016487281303852797,0.05759377166396007,0.09101652109529823,0.4823485538363457
314,314,3.0624353885650635,3.0346169471740723,2e-06,2.8807752576010515,0.016500551719218493,0.05820490745827556,0.09107102348934859,0.48459287732839584
315,315,3.0104334354400635,3.0427870750427246,2e-06,2.9004048785116368,0.01650383323431015,0.05835662776371464,0.09110257914289832,0.4844522401690483
316,316,3.056429386138916,3.11372709274292,2e-06,2.9171617035384076,0.01649982575327158,0.05741130613023415,0.09112629143055528,0.48183242231607437
317,317,3.0048811435699463,3.0684447288513184,2e-06,2.9327704366423695,0.016511454712599516,0.05767744383774698,0.09097546676639467,0.4819265827536583
318,318,3.0433719158172607,3.057441473007202,2e-06,2.9458560290648674,0.016505346167832613,0.058567557513015345,0.09104512317571789,0.4874582067131996
319,319,3.0062801837921143,3.0402650833129883,2e-06,2.9576614172162716,0.016505703795701265,0.05846340284915641,0.09099058480933309,0.4851972237229347
320,320,3.0317320823669434,3.095669984817505,2e-06,2.9696330699483386,0.01649909233674407,0.0582803305296693,0.09107889467850327,0.48325227200984955
321,321,3.068333387374878,3.0746545791625977,2e-06,2.978950064355959,0.016515026800334454,0.057089475652901456,0.09103722835425287,0.4780735448002815
322,322,3.0277044773101807,3.049015522003174,2e-06,2.9874757598162462,0.0164798591285944,0.057984398008557037,0.09099693724419922,0.4822765812277794
323,323,3.1061999797821045,3.0610666275024414,2e-06,2.9951421327613628,0.016504208091646433,0.05749099748209119,0.09101017250213772,0.4809074252843857
324,324,3.101194143295288,3.0203113555908203,2e-06,3.0032901271148553,0.016499133314937353,0.05731929643661715,0.09097071504220366,0.47946544736623764
325,325,3.0732486248016357,3.0508432388305664,2e-06,3.009287301809379,0.016523006837815046,0.058136197651037946,0.09098417381756008,0.48275259137153625
326,326,3.068028688430786,3.0856008529663086,2e-06,3.0138367451045958,0.016506888438016176,0.05732509578228928,0.09101220918819308,0.483391597867012
327,327,3.031064987182617,3.113532304763794,2e-06,3.018019863388113,0.016504712402820587,0.05761630565393716,0.09105619648471475,0.4841766506433487
328,328,3.0279080867767334,3.0661845207214355,2e-06,3.0229887902590726,0.01650932291522622,0.05761133276973851,0.09122268727514893,0.4843025431036949
329,329,3.0632894039154053,3.0556657314300537,2e-06,3.0269054557934707,0.016504685394465923,0.05716405386920087,0.09114316862542182,0.48410802334547043
330,330,2.980576515197754,3.0568747520446777,2e-06,3.031395190187946,0.016530200839042664,0.05719982789014466,0.09119650791399181,0.48418374359607697
331,331,3.0094048976898193,3.0399210453033447,2e-06,3.0346318089685345,0.016510293819010258,0.05807683223974891,0.09121360594872385,0.4886949583888054
332,332,3.0798263549804688,3.042241334915161,2e-06,3.0375042643028545,0.01649780198931694,0.05757994970190339,0.091155243688263,0.4843272492289543
333,333,3.0292680263519287,3.0999557971954346,2e-06,3.0399572435733573,0.016502976417541504,0.057050995354074985,0.09115492459386587,0.481257326900959
334,334,3.0680429935455322,3.1272974014282227,2e-06,3.042228327351164,0.016503924038261175,0.05807768923114054,0.0913055274868384,0.4867800399661064
335,335,2.98246169090271,3.0180819034576416,2e-06,3.043698591602707,0.01651811972260475,0.056857813615351915,0.09121840726584196,0.4833621382713318
336,336,3.025087356567383,3.0420327186584473,2e-06,3.04573322771241,0.01650429517030716,0.058102873037569225,0.09116583364084363,0.4905196502804756
337,337,3.024822235107422,3.036935567855835,2e-06,3.047644099299305,0.01651339279487729,0.05764111108146608,0.09132986539043486,0.489252544939518
338,338,3.074014186859131,3.068469524383545,2e-06,3.050919520421061,0.016520130448043346,0.057944956759456545,0.09119351860135794,0.48924581706523895
339,339,3.0429773330688477,3.0472331047058105,2e-06,3.050976555564289,0.016530769877135754,0.05776941042859107,0.09117719461210072,0.4890183061361313
340,340,2.978771448135376,3.0648231506347656,2e-06,3.05166343109194,0.016510375775396824,0.058302620076574385,0.09137298597488552,0.4916962757706642
341,341,3.008429527282715,3.067034959793091,2e-06,3.0529123874795037,0.016522409860044718,0.05784199113259092,0.09139487519860268,0.4873814284801483
342,342,3.06351900100708,3.0100104808807373,2e-06,3.0554223012870563,0.016515393741428852,0.057049535476835445,0.09132001094985753,0.48411276191473007
343,343,3.052654504776001,3.1508214473724365,2e-06,2.8327458797631957,0.016515167895704508,0.05727996991481632,0.09129153075627983,0.4888026863336563
344,344,3.0933260917663574,3.0393340587615967,2e-06,2.8566122142936883,0.01652049971744418,0.05766247335122898,0.09141483309213072,0.4907650500535965
345,345,3.118321180343628,2.983870029449463,2e-06,2.877373720708988,0.01651614625006914,0.0585835226229392,0.09142033813986927,0.4924122393131256
346,346,3.056373357772827,3.014880657196045,2e-06,2.678625230088941,0.016518930438905954,0.05792788026155904,0.09139732911717147,0.4896378666162491
347,347,3.013944387435913,3.208798408508301,2e-06,2.7179280571721747,0.016517261508852243,0.05664728907868266,0.09136234922334552,0.4830417186021805
348,348,3.0548343658447266,2.9940311908721924,2e-06,2.7528709721737856,0.016530975233763456,0.05730260940617882,0.09135440364480019,0.4882555305957794
349,349,3.0834624767303467,3.0364038944244385,2e-06,2.783429616758324,0.016524511855095625,0.05730030804988928,0.09132349165156484,0.4904724806547165
350,350,3.074190139770508,3.0829293727874756,2e-06,2.8113312019256114,0.016524500213563442,0.05780654703266919,0.09133319568354636,0.489626482129097
351,351,3.0557422637939453,3.002119302749634,2e-06,2.836531018240411,0.01652021799236536,0.057580520195188,0.09138844220433384,0.4907846227288246
352,352,2.9892191886901855,3.038332462310791,2e-06,2.8607969980973573,0.016519460827112198,0.0575822121463716,0.09128933842293918,0.4894374832510948
353,353,2.99280047416687,3.033008098602295,2e-06,2.8813393753528516,0.016540190670639277,0.057062998559558764,0.09136289288289845,0.4892946854233742
354,354,3.0274083614349365,3.0178020000457764,2e-06,2.899377152144195,0.01653538504615426,0.05737821353250183,0.09137507795821875,0.49101217836141586
355,355,3.0550215244293213,3.061675786972046,2e-06,2.916145385693138,0.016523076687008142,0.0564939834875986,0.09137773257680237,0.4858086556196213
356,356,3.0350208282470703,3.051912546157837,2e-06,2.9318924373314723,0.016506473533809185,0.05604565728572197,0.091315261204727,0.484554648399353
357,357,3.0848591327667236,3.0406570434570312,2e-06,2.945195495271127,0.016536283772438765,0.057273395505035296,0.09140785248018801,0.4933978021144867
358,358,3.0189030170440674,3.107532501220703,2e-06,2.9564396304198186,0.016528089065104723,0.05785752154770307,0.09133525844663382,0.49294378608465195
359,359,3.0463509559631348,3.0115342140197754,2e-06,2.968377562153786,0.016527929808944464,0.05779016888118349,0.09142839163541794,0.49623116850852966
360,360,3.035306930541992,3.040334463119507,2e-06,2.978536278027256,0.01652566436678171,0.05791478379978798,0.09149764815811068,0.4943277984857559
361,361,3.0432558059692383,3.0679287910461426,2e-06,2.9872195497960488,0.01653088303282857,0.05748545640381053,0.09140517027117312,0.49498123675584793
362,362,3.033780813217163,3.0980913639068604,2e-06,2.994735396452395,0.016525579150766134,0.05727001788909547,0.09146906808018684,0.49512580037117004
363,363,2.949277877807617,3.0068089962005615,2e-06,3.0020469846582776,0.01652228692546487,0.05631941923638806,0.09145652898587286,0.4874543696641922
364,364,3.0324645042419434,2.99678373336792,2e-06,3.0066681421016304,0.016523434780538082,0.05620473815361038,0.09153921366669238,0.48938846588134766
365,365,3.0398032665252686,3.0790295600891113,2e-06,3.0120193983912453,0.016533784568309784,0.057721596414921805,0.09166032029315829,0.4976533129811287
366,366,2.963763952255249,3.0159878730773926,2e-06,3.017813252790438,0.01653627073392272,0.05714549249387346,0.09161166241392493,0.4928254559636116
367,367,2.962599992752075,2.988924264907837,2e-06,3.0215577610494218,0.0165202128700912,0.056981083238497376,0.0915978403063491,0.493304081261158
368,368,2.997652053833008,3.083263874053955,2e-06,3.0255770703820737,0.016533783171325922,0.0559163870930206,0.09160198597237468,0.48747624456882477
369,369,2.9817142486572266,3.0422441959381104,2e-06,3.029817353196116,0.01654380513355136,0.056662904302356765,0.09156593109946698,0.493134044110775
370,370,3.082514762878418,2.997926712036133,2e-06,3.034621098795962,0.016530535649508238,0.05676799645880237,0.09147605544421822,0.4922937601804733
371,371,3.0822951793670654,3.0421433448791504,2e-06,3.0377073779275867,0.016521865501999855,0.05691330711124465,0.09162632504012436,0.487679161131382
372,372,3.0576953887939453,3.0783987045288086,2e-06,3.041848220741962,0.016546824481338263,0.05709073299658485,0.09150943532586098,0.4969150871038437
373,373,2.981677532196045,2.99318265914917,2e-06,3.0435670104886365,0.016525231767445803,0.057918307080399245,0.09163815528154373,0.49520696699619293
374,374,3.0357284545898438,2.986314535140991,2e-06,3.04567896597693,0.016526744700968266,0.05701488253544085,0.09165326331276447,0.4946001470088959
375,375,2.9601833820343018,2.962175130844116,2e-06,3.0476418866548713,0.016528275329619646,0.05775656283367425,0.09152834489941597,0.4999091103672981
376,376,2.9758853912353516,3.052563428878784,2e-06,2.8280936894082718,0.016533223446458578,0.05707254572189413,0.0916781690903008,0.4966905862092972
377,377,3.0001800060272217,2.9781391620635986,2e-06,2.85135493597279,0.016521827317774296,0.057184442470315844,0.09167002083268017,0.4960511699318886
378,378,3.0172858238220215,3.0707590579986572,2e-06,2.873473035551351,0.016536778770387173,0.05686849553603679,0.0916093795094639,0.4952157810330391
379,379,3.0542654991149902,3.049952983856201,2e-06,2.8925430573703217,0.016517653595656157,0.055883638764498755,0.09173044317867607,0.4879509061574936
380,380,2.98278546333313,3.0352582931518555,2e-06,2.910451387357393,0.016539953649044037,0.05619826042675413,0.09177654515951872,0.4930385798215866
381,381,2.96795392036438,3.1161389350891113,2e-06,2.9256865500241083,0.016539156436920166,0.05677674355683848,0.09164327080361545,0.4967222809791565
382,382,3.0034701824188232,2.999885320663452,2e-06,2.9399646348773003,0.016529012471437454,0.05619744228897616,0.09160634397994727,0.4946072846651077
383,383,3.0647518634796143,3.0380923748016357,2e-06,2.952272763669584,0.016536903101950884,0.05658586090430617,0.09169221564661711,0.4945237562060356
384,384,3.024230718612671,3.0243473052978516,2e-06,2.9634506578144513,0.016527697443962097,0.055698880983982235,0.09171869652345777,0.4901897758245468
385,385,2.997838020324707,3.048435926437378,2e-06,2.9743299915008143,0.016549212392419577,0.05691216085688211,0.09162839944474399,0.4952963516116142
386,386,3.048917055130005,3.018033981323242,2e-06,2.984895880803558,0.016531561966985464,0.055962256708880886,0.09172505768947303,0.491122230887413
387,387,2.971379280090332,3.102238893508911,2e-06,2.993052038604784,0.016547369305044413,0.05545709590660408,0.09170295833609998,0.49336861073970795
388,388,2.9869155883789062,3.0232748985290527,2e-06,3.000387846570294,0.01655410137027502,0.05747628086828627,0.0915796443587169,0.5002895295619965
389,389,3.0001938343048096,3.1038644313812256,2e-06,3.0078656483444925,0.016555275302380323,0.05720993544673547,0.09180255036335438,0.49799056351184845
390,390,2.997920513153076,3.0269689559936523,2e-06,3.0144923217621766,0.016558445524424314,0.05725594761315733,0.09163867740426213,0.49868137389421463
391,391,2.9714345932006836,3.0031702518463135,2e-06,3.0198769633526674,0.016533032059669495,0.057173003879142925,0.09174861013889313,0.49752477556467056
392,392,2.9950129985809326,3.00445818901062,2e-06,3.024233677679612,0.016541607677936554,0.0562208553601522,0.09165938582736999,0.49575403332710266
393,393,3.1312766075134277,3.075108289718628,2e-06,3.0281526956605473,0.01654018461704254,0.05632467559189536,0.09159868163987994,0.49522022157907486
394,394,2.963578939437866,3.1465306282043457,2e-06,3.0317682580022076,0.016544840298593044,0.05676283434149809,0.09172579902224243,0.4952789172530174
395,395,2.99752140045166,3.0093636512756348,2e-06,3.036800608204397,0.016545800492167473,0.05668926879297942,0.09160050365608186,0.4979614242911339
396,396,3.0225791931152344,3.032928705215454,2e-06,3.0397291010516856,0.016543571837246418,0.05665055333520286,0.09177183185238391,0.4991784617304802
397,397,3.0067219734191895,2.9797496795654297,2e-06,3.0429025414698536,0.016540643759071827,0.055534005048684776,0.09177693165838718,0.494270384311676
398,398,3.008673906326294,2.9658496379852295,2e-06,3.044759731841777,0.01654009334743023,0.05652489929343574,0.09178751555737108,0.5007457658648491
399,399,3.0355474948883057,3.0086076259613037,2e-06,3.0465883509376126,0.016534109599888325,0.0566429641621653,0.09188869094941765,0.5013964399695396
400,400,2.8965344429016113,3.0764474868774414,2e-06,3.048707874653853,0.01655806228518486,0.05668298515956849,0.09180541196838021,0.5001306608319283
401,401,2.988550901412964,3.0528764724731445,2e-06,3.05215561684593,0.016548469197005033,0.05619589239358902,0.09189651720225811,0.5000520050525665
402,402,2.9420583248138428,3.042267084121704,2e-06,3.053333071775155,0.016542498487979174,0.05614067055284977,0.0918167297495529,0.49977221339941025
403,403,3.0117833614349365,2.980369806289673,2e-06,3.0544346486976277,0.01653465162962675,0.055341515253530815,0.09186591941397637,0.49443240463733673
404,404,2.9825031757354736,2.9910085201263428,2e-06,3.055307922991584,0.01655156956985593,0.05698086234042421,0.09174894692841917,0.5027640908956528
405,405,2.9563522338867188,3.004406213760376,2e-06,3.0558248397462475,0.016556925605982542,0.0560905029415153,0.09187134983949363,0.49922893941402435
406,406,2.9584062099456787,2.993225336074829,2e-06,3.057733098644076,0.016557132359594107,0.05684253096114844,0.09189127304125577,0.502831369638443
407,407,2.9928958415985107,3.0196151733398438,2e-06,3.057395684790633,0.0165639934130013,0.05642172385705635,0.09173633228056133,0.501291498541832
408,408,3.019134044647217,3.0103070735931396,2e-06,3.058985774965102,0.016541500575840473,0.055638725869357586,0.09179524017963558,0.5013723075389862
409,409,3.0359113216400146,2.9417836666107178,2e-06,3.059604499395275,0.01655696891248226,0.05605189310153946,0.09189292183145881,0.5042652636766434
410,410,2.995126247406006,2.9316630363464355,2e-06,2.8427930941978854,0.016536636743694544,0.05685141109279357,0.09198245906736702,0.5048370510339737
411,411,3.0505528450012207,2.9551913738250732,2e-06,2.642106430501622,0.01654459536075592,0.056016901682596654,0.09185923542827368,0.5016001015901566
412,412,2.932781934738159,3.0536320209503174,2e-06,2.683848538684626,0.016554652247577906,0.05691705449135043,0.09201196918729693,0.5049975886940956
413,413,3.0215024948120117,3.001680612564087,2e-06,2.723163340735022,0.016552471090108156,0.05682919526589103,0.09187773324083537,0.5071513801813126
414,414,3.025184154510498,3.011512041091919,2e-06,2.757542807215522,0.016575996298342943,0.0564233047189191,0.09207670646719635,0.5055930018424988
415,415,2.9982826709747314,2.9954562187194824,2e-06,2.7881525126984186,0.01656340714544058,0.05660612563951872,0.09191672259476036,0.5062322318553925
416,416,3.046656608581543,2.959913969039917,2e-06,2.8156344310872274,0.016559459269046783,0.05713706056121737,0.09211595740634948,0.5104053616523743
417,417,3.041693687438965,3.0950992107391357,2e-06,2.8401692305304365,0.016576829832047224,0.05629592188051902,0.09200717764906585,0.5053849965333939
418,418,2.9639358520507812,3.009260416030884,2e-06,2.8628846447283807,0.016542550176382065,0.05482442720676772,0.09199987014289945,0.49928081035614014
419,419,3.0046679973602295,3.0796284675598145,2e-06,2.8838246529309606,0.016563264653086662,0.056294911686563864,0.09197678463533521,0.5072454810142517
420,420,2.9566378593444824,2.997882127761841,2e-06,2.9031329913201995,0.01656957156956196,0.05701529639190994,0.09191653097514063,0.5064880698919296
421,421,2.992990732192993,3.0101590156555176,2e-06,2.9188539284603037,0.016553552355617285,0.05620108073344454,0.09206446772441268,0.5066680908203125
422,422,3.0528340339660645,2.926715135574341,2e-06,2.9325668946706274,0.01655569300055504,0.05631634659948759,0.0919674918986857,0.5062519013881683
423,423,3.023759603500366,3.029430866241455,2e-06,2.7278691623896205,0.01656222576275468,0.056537800817750394,0.09205426077824086,0.5083822757005692
424,424,2.9332027435302734,3.07808256149292,2e-06,2.761274862562016,0.016573426313698292,0.055877005390357226,0.09204367466736585,0.5059694200754166
425,425,3.0086581707000732,2.9800634384155273,2e-06,2.792010369605537,0.016566583886742592,0.05609249652479775,0.0920795687707141,0.507336288690567
426,426,2.9723992347717285,2.9737091064453125,2e-06,2.8206854585770014,0.016565990634262562,0.05584509906475432,0.09213939518667758,0.5047285258769989
427,427,3.0433006286621094,3.0112833976745605,2e-06,2.8445763966082773,0.01656334102153778,0.0569250026892405,0.09196286858059466,0.5081753730773926
428,428,2.9407846927642822,2.9572157859802246,2e-06,2.8665793074207957,0.016559874638915062,0.05641830145032145,0.09196251805406064,0.5078624337911606
429,429,2.9600915908813477,3.0272574424743652,2e-06,2.88762035163822,0.016549655701965094,0.055934684263775125,0.09188748302403837,0.5032421201467514
430,430,2.9788830280303955,2.968240976333618,2e-06,2.9059185198815194,0.016563781537115574,0.05599874665495008,0.09192117350175977,0.5028983429074287
431,431,2.944246292114258,2.973167657852173,2e-06,2.9216454316313687,0.016561714466661215,0.055265973263885826,0.09194228320848197,0.5015933513641357
432,432,2.918360471725464,2.955512046813965,2e-06,2.9369600711548567,0.016573257278651,0.055752394488081336,0.09199878782965243,0.5058622062206268
433,433,2.930910110473633,3.0158679485321045,2e-06,2.9503785277127763,0.01657647266983986,0.0560434173385147,0.0920268939808011,0.5063829943537712
434,434,2.972654342651367,3.0240049362182617,2e-06,2.961939086843906,0.01656522322446108,0.056218903919216245,0.09206237236503512,0.5069977194070816
435,435,2.9740400314331055,3.0447421073913574,2e-06,2.973887413346415,0.016564362216740847,0.05655400731484406,0.09207005077041686,0.5084268301725388
436,436,2.975337028503418,3.030862331390381,2e-06,2.9840002958532055,0.016570739448070526,0.055095565126976,0.09222737269010395,0.5057624280452728
437,437,2.995490074157715,2.928579330444336,2e-06,2.9918859653101775,0.016550423577427864,0.056128612253814936,0.09211728919763118,0.5070527046918869
438,438,2.9158620834350586,3.008671522140503,2e-06,2.999753503439217,0.01656838832423091,0.05584190844092518,0.09218120900914073,0.5057303532958031
439,439,2.981255054473877,2.978665828704834,2e-06,3.0072607357463443,0.016571857500821352,0.055609649658435956,0.09207230003084987,0.5089628994464874
440,440,2.9173755645751953,3.0072731971740723,2e-06,3.012881097774006,0.01657448196783662,0.055579499108716846,0.0922386848833412,0.5060531124472618
441,441,3.0221447944641113,2.9796276092529297,2e-06,3.0189613730080374,0.016559228766709566,0.055911389528773725,0.09210103412624449,0.5088448375463486
442,442,2.951158285140991,3.0075206756591797,2e-06,3.023497418333798,0.016576272435486317,0.05616168334381655,0.09201954863965511,0.5096088200807571
443,443,2.909987449645996,3.0051779747009277,2e-06,3.027477913331551,0.016587686724960804,0.05569305064273067,0.09215607936494052,0.5079942047595978
444,444,3.0346195697784424,2.949387788772583,2e-06,3.032785650599185,0.016581520438194275,0.05587532604113221,0.09210711636114866,0.5087154805660248
445,445,2.9759552478790283,3.034393072128296,2e-06,3.0378468114418062,0.016570717561990023,0.05602683068718761,0.09216529957484454,0.5129021257162094
446,446,2.9527804851531982,2.9604246616363525,2e-06,3.041217980311546,0.01658295840024948,0.05609659422771074,0.09224312100559473,0.5124118477106094
447,447,3.0181832313537598,2.9555578231811523,2e-06,3.043570918646826,0.01658198283985257,0.05590944760479033,0.09224403009284288,0.5097021758556366
448,448,3.0023350715637207,2.90771746635437,2e-06,3.046012493611696,0.016589060425758362,0.05592380714369938,0.09223918220959604,0.5129116177558899
449,449,2.9640378952026367,2.955120086669922,2e-06,2.8297146276596497,0.016581105068325996,0.05633716788724996,0.09224757377523929,0.5140766054391861
450,450,3.046746015548706,2.9464375972747803,2e-06,2.85370100427912,0.01657191477715969,0.05685931124025956,0.09226714039687067,0.5154929757118225
451,451,3.0008153915405273,2.9268836975097656,2e-06,2.874640219804854,0.016570139210671186,0.056307656108401716,0.09223002579528838,0.5136120766401291
452,452,3.0578813552856445,2.9467861652374268,2e-06,2.893505084835231,0.01657628733664751,0.055951977730728686,0.0922606245148927,0.51323202252388
453,453,3.035385847091675,3.008735418319702,2e-06,2.910742171110586,0.016588994301855564,0.055213660321896896,0.09220676659606397,0.5094270557165146
454,454,2.9394803047180176,3.079967737197876,2e-06,2.9255056226557694,0.016584517434239388,0.05560687658726238,0.09229683550074697,0.5111476629972458
455,455,2.9487082958221436,2.9113638401031494,2e-06,2.94065539727142,0.016576615627855062,0.05490506996284239,0.09228152432478964,0.5075419545173645
456,456,2.9437692165374756,2.9661803245544434,2e-06,2.9530990508336488,0.01659830240532756,0.055607163259992376,0.0922786908922717,0.5112148299813271
457,457,2.926945209503174,2.976285457611084,2e-06,2.9644098704220814,0.01657910132780671,0.05567884418996982,0.09231773181818426,0.5110363364219666
458,458,3.0255300998687744,2.957873821258545,2e-06,2.974977557290179,0.01656425418332219,0.05565404560184106,0.09223841107450426,0.5136907249689102
459,459,2.9101452827453613,3.0630600452423096,2e-06,2.9839281937427744,0.016581101808696985,0.05595534687745385,0.092289415653795,0.5118991285562515
460,460,2.900240182876587,2.9920730590820312,2e-06,2.991744174999142,0.016589316073805094,0.056205164146376774,0.092376762884669,0.5157493203878403
461,461,3.0126798152923584,2.964629888534546,2e-06,2.999066788636998,0.01659219479188323,0.05538480545510538,0.09247440088074654,0.5119709670543671
462,462,2.957183599472046,2.972709894180298,2e-06,3.005472125034433,0.01659002946689725,0.055900507111800835,0.09241456910967827,0.5156717002391815
463,463,2.997002124786377,3.0337393283843994,2e-06,3.0111822760863873,0.01660000439733267,0.055720631091389805,0.09236787399277091,0.5131914615631104
464,464,2.907329559326172,2.949647903442383,2e-06,3.016385511689757,0.016579399816691875,0.05527051634271629,0.0924238683655858,0.5107189044356346
465,465,2.924623489379883,3.002641201019287,2e-06,3.0226108155828935,0.016582992859184742,0.05586532287998125,0.09250346338376403,0.5147392600774765
466,466,2.9901814460754395,2.950741767883301,2e-06,3.0268217682149126,0.016589754726737738,0.054927258781390265,0.09241488866973668,0.5100323408842087
467,467,3.0157840251922607,2.955800771713257,2e-06,3.031746664500436,0.016595053486526012,0.05572583351749927,0.09223443048540503,0.5147037953138351
468,468,2.977134943008423,2.959174871444702,2e-06,3.035037952518633,0.01658910559490323,0.05591930021182634,0.09233626921195537,0.511047288775444
469,469,2.949097156524658,2.9718799591064453,2e-06,3.0378077118869524,0.016581597737967968,0.05534657437237911,0.09235744108445942,0.5129540413618088
470,470,2.9502577781677246,2.9939844608306885,2e-06,3.0404766837535337,0.01659815851598978,0.05629851561388932,0.09226562734693289,0.5168568044900894
471,471,2.9421002864837646,2.962581157684326,2e-06,3.0426681660317945,0.01659109117463231,0.05562927474966273,0.0923115664627403,0.5145792216062546
472,472,2.9503259658813477,2.9541804790496826,2e-06,3.0447639855153503,0.016587622463703156,0.05524947788217105,0.09231234039179981,0.5134974122047424
473,473,2.909388780593872,2.9490792751312256,2e-06,3.0467400318021474,0.01659875549376011,0.05521584500093013,0.09228232444729656,0.514013946056366
474,474,2.9337477684020996,2.97739839553833,2e-06,3.0498637741642773,0.016591419465839863,0.056181875785114244,0.09232765808701515,0.5202072858810425
475,475,2.9567975997924805,2.9582958221435547,2e-06,3.0525259890776293,0.01658621896058321,0.05624547740444541,0.09237930946983397,0.5201229602098465
476,476,2.967775583267212,2.9444291591644287,2e-06,3.0541553479974435,0.016593273263424635,0.05550421791849658,0.09243871946819127,0.5137874633073807
477,477,2.9643921852111816,2.9548282623291016,2e-06,3.055951314887241,0.016593672800809145,0.05599786460516043,0.09256474091671407,0.5196783542633057
478,478,2.9049723148345947,2.9220852851867676,2e-06,3.0568403777566524,0.01658616680651903,0.0555422303150408,0.09256223600823432,0.5190935283899307
479,479,2.9325568675994873,3.0150773525238037,2e-06,3.0589261508601555,0.016591275110840797,0.05601001615286805,0.09259492065757513,0.518751248717308
480,480,2.9414501190185547,2.9628210067749023,2e-06,3.0595650288485086,0.016613102983683348,0.05540938058402389,0.09245833149179816,0.5166117697954178
481,481,2.9258646965026855,2.9710073471069336,2e-06,3.0598773580131042,0.016595502384006977,0.05616906689829193,0.09248748049139977,0.5186402052640915
482,482,2.8997631072998047,2.895949602127075,2e-06,3.0602070362306333,0.016610211227089167,0.05494336463743821,0.09264799300581217,0.5172754973173141
483,483,2.954820156097412,2.9297337532043457,2e-06,2.8402856980734135,0.016592131461948156,0.05515234253834933,0.09247127908747643,0.5135079473257065
484,484,2.946465492248535,2.977773427963257,2e-06,2.863217678401189,0.016608072444796562,0.055630213260883465,0.0925481243757531,0.51958267390728
485,485,2.975802421569824,2.965747117996216,2e-06,2.884108091054049,0.01659382414072752,0.05505171531694941,0.09253282903227955,0.516308531165123
486,486,2.933504581451416,2.9435882568359375,2e-06,2.9018656252385413,0.016587763093411922,0.05398878423147835,0.09246644645463675,0.5140461623668671
487,487,2.9031927585601807,2.9718668460845947,2e-06,2.918401250009997,0.016605339013040066,0.0550580860581249,0.09245444741100073,0.516141265630722
488,488,2.958683729171753,2.9588141441345215,2e-06,2.933294138947582,0.01661407109349966,0.05487970233662054,0.09250942640937865,0.5150335282087326
489,489,2.922466516494751,2.952855110168457,2e-06,2.946178246403041,0.016603938303887844,0.0552302434516605,0.0927095606457442,0.5204350799322128
490,490,3.02274489402771,2.9479713439941406,2e-06,2.957472110211085,0.01659852033481002,0.05547517220838927,0.09264444001019001,0.5174911767244339
491,491,2.972465991973877,2.9632811546325684,2e-06,2.9672185102127995,0.016594471409916878,0.05588022570009343,0.0926188122248277,0.5191509276628494
492,492,3.0251834392547607,3.0183846950531006,2e-06,2.9770970993933163,0.01661562267690897,0.054894594533834606,0.09272468311246485,0.5184650272130966
493,493,2.9121809005737305,2.966275930404663,2e-06,2.985783106850701,0.0166170597076416,0.05458035707124509,0.09263088612351567,0.5139730274677277
494,494,2.9052629470825195,2.987339496612549,2e-06,2.9932322964917177,0.016602156218141317,0.05571853241417557,0.0926073364680633,0.5209334790706635
495,495,2.938551425933838,2.9264943599700928,2e-06,3.0005216774042704,0.016598951071500778,0.0551068298809696,0.09264139435254037,0.519303485751152
496,496,3.0321953296661377,2.987938642501831,2e-06,3.006635156177802,0.01660500606521964,0.055617393780266866,0.09268459083978087,0.5219445824623108
497,497,2.955756425857544,2.951876401901245,2e-06,3.0141767173093372,0.01660048123449087,0.0545179067121353,0.09259020013269037,0.5174646228551865
498,498,2.9509193897247314,2.946153163909912,2e-06,3.0201614091156097,0.016610569786280394,0.055333574244286865,0.09260055504273623,0.5230478793382645
499,499,2.9192426204681396,2.9644851684570312,2e-06,3.0247382714392796,0.01661333069205284,0.055713786161504686,0.09254049113951623,0.5228684544563293
500,500,2.9835128784179688,2.9838814735412598,2e-06,3.0298259272339427,0.01662109512835741,0.05543846945511177,0.09261734306346625,0.5197759717702866
501,501,2.9122352600097656,3.061886787414551,2e-06,3.0332748417762,0.016605851240456104,0.05512794610694982,0.09259441972244531,0.5233091115951538
502,502,2.980255603790283,2.9670331478118896,2e-06,3.037615011685587,0.01660245005041361,0.05544869427103549,0.09256576630286872,0.5242421329021454
503,503,2.921220064163208,2.9917848110198975,2e-06,3.0420135026780244,0.016611923929303885,0.05511853357893415,0.09256510704290122,0.5200975090265274
504,504,2.9111053943634033,2.945798635482788,2e-06,3.0441774887442845,0.016609685495495796,0.055044904234819114,0.09255181148182601,0.5230536311864853
505,505,2.920647144317627,2.992172956466675,2e-06,3.045876178566529,0.016605232376605272,0.05642069905297831,0.09259246289730072,0.528960108757019
506,506,2.9594147205352783,2.9372544288635254,2e-06,3.047667398994598,0.016599874943494797,0.05474232614506036,0.09280172036960721,0.5212209075689316
507,507,2.9698078632354736,2.971893787384033,2e-06,3.0506037198559808,0.016608932986855507,0.055500259331893176,0.09258792013861239,0.5240924507379532
508,508,2.964409112930298,2.960451126098633,2e-06,3.052037000803996,0.01660509267821908,0.05568474449682981,0.09259941184427589,0.524410218000412
509,509,2.9661991596221924,2.9772472381591797,2e-06,3.052992205505547,0.016615271102637053,0.055266989977099,0.09263265389017761,0.522102877497673
510,510,2.9931294918060303,2.9403939247131348,2e-06,3.0541623170168237,0.016611726954579353,0.055594971316168085,0.09261891071218997,0.5225168913602829
511,511,2.9613993167877197,2.9947426319122314,2e-06,3.055068223403086,0.016594165936112404,0.055242167989490554,0.09265160385984927,0.5229624062776566
512,512,3.000415802001953,2.964376926422119,2e-06,3.05588083966482,0.016623920295387506,0.05501399826607667,0.09264336118940264,0.5206194072961807
513,513,2.917849063873291,2.969727039337158,2e-06,3.056756683646159,0.01660772506147623,0.05409598370897584,0.09273523057345301,0.5182550400495529
514,514,2.956223487854004,2.9351000785827637,2e-06,3.058635014558546,0.016614462248981,0.05485028782277368,0.09267977462150156,0.5210037380456924
515,515,2.9193241596221924,2.97273588180542,2e-06,3.0605999244789808,0.016621705144643784,0.05507817605393939,0.09269095829222351,0.5235746204853058
516,516,2.892096996307373,2.918210506439209,2e-06,3.061373128665106,0.016625252552330494,0.0553397364274133,0.09275713458191603,0.5245082974433899
517,517,2.9380273818969727,3.0223023891448975,2e-06,3.062555964207816,0.016631116159260273,0.05430204057483934,0.09282582206651568,0.5225252509117126
518,518,2.9748427867889404,2.9386518001556396,2e-06,3.062714991997296,0.01660972973331809,0.05525473121087998,0.09276548260822892,0.5267466455698013
519,519,2.982881784439087,2.975358009338379,2e-06,3.0629398482885475,0.016605522017925978,0.05492748360848054,0.0928377938689664,0.5265730023384094
520,520,2.8694698810577393,2.9168922901153564,2e-06,3.0629538297774346,0.016618764493614435,0.055479821137851104,0.09282271715346724,0.5303281098604202
521,521,2.9278364181518555,3.023930311203003,2e-06,3.063287286011032,0.0165949328802526,0.05487518644076772,0.09282953734509647,0.5268610864877701
522,522,2.9790425300598145,2.9709551334381104,2e-06,3.0643745144610155,0.016623008996248245,0.05425554231624119,0.09285125893075019,0.5222804248332977
523,523,2.8980085849761963,3.016533136367798,2e-06,3.0642362569891683,0.016611408442258835,0.0549374955589883,0.09274540503975004,0.5269418805837631
524,524,2.9598655700683594,2.9405903816223145,2e-06,3.0642664270379765,0.016627639532089233,0.05598556523909792,0.09285631717648357,0.5312533527612686
525,525,2.9105565547943115,2.943044900894165,2e-06,3.065591201984502,0.01662619411945343,0.0547412124578841,0.09288306115195155,0.5247471034526825
526,526,2.919982433319092,2.9834752082824707,2e-06,3.065397418120114,0.016620635520666838,0.053503058588830754,0.09277043072506785,0.5189063251018524
527,527,2.9464123249053955,2.86320161819458,2e-06,3.0666540590663027,0.01662435196340084,0.05444063275353983,0.09283379546832293,0.5226390361785889
528,528,2.961665391921997,2.933566093444824,2e-06,2.848161726541214,0.01662497641518712,0.05513736285502091,0.09285667515359819,0.5283392518758774
529,529,2.9505739212036133,2.980504274368286,2e-06,2.8701692709773146,0.016627958044409752,0.05512274202192202,0.09295252058655024,0.5286965668201447
530,530,2.950731039047241,2.9216208457946777,2e-06,2.889693298449122,0.016640239860862494,0.05557361655519344,0.09296055498998612,0.532829686999321
531,531,3.0169248580932617,2.9876487255096436,2e-06,2.907046781571064,0.016622182447463274,0.0554140628373716,0.09291905874852091,0.5307145714759827
532,532,2.9802327156066895,2.9835894107818604,2e-06,2.924044483200375,0.0166400708258152,0.05586729492642917,0.09288448910228908,0.535963624715805
533,533,2.9344077110290527,2.9439046382904053,2e-06,2.937165868418365,0.016624961514025927,0.05570430343504995,0.09296659997198731,0.534300372004509
534,534,2.9329142570495605,2.9395854473114014,2e-06,2.9506628196853795,0.0166309317573905,0.05468544558971189,0.09302215266507119,0.5288160145282745
535,535,2.875635862350464,2.904676914215088,2e-06,2.9620989741361634,0.01660855021327734,0.05419537046691403,0.09288696513976902,0.525919184088707
536,536,2.888166666030884,2.8779375553131104,2e-06,2.9724888408215655,0.01662927446886897,0.05474119892460294,0.09298948291689157,0.5301028043031693
537,537,2.956908941268921,2.9945027828216553,2e-06,2.981655256236167,0.01662374474108219,0.05468610906973481,0.09285150130745023,0.530435711145401
538,538,2.901549816131592,2.906567096710205,2e-06,2.9906985171183433,0.01661734003573656,0.05506842306931503,0.09279539773706347,0.5281028896570206
539,539,2.938364028930664,2.929896116256714,2e-06,2.998082461154234,0.016638274304568768,0.05528103283722885,0.09285860264208168,0.5287568718194962
540,540,2.940251588821411,2.934650421142578,2e-06,3.0048908826018903,0.016615165397524834,0.05496722328825854,0.09289885510224849,0.5287352204322815
541,541,2.934607982635498,2.9071056842803955,2e-06,3.0112905257830302,0.016640906687825918,0.05385730406851508,0.09286417916882783,0.5232982784509659
542,542,2.9469692707061768,2.8961589336395264,2e-06,3.017633856188067,0.016657757572829723,0.05511316462070681,0.09283471165690571,0.5288513153791428
543,543,2.865734338760376,2.973568916320801,2e-06,3.0232476892747577,0.016631715465337038,0.053733525914140046,0.09289298590738326,0.5220189541578293
544,544,2.9374284744262695,2.8866991996765137,2e-06,3.027284206328203,0.01663924055173993,0.054640214977553114,0.09293727960903198,0.5294792503118515
545,545,3.003603935241699,2.9445056915283203,2e-06,3.030994722094817,0.016622336581349373,0.054829997854540125,0.09283993614371866,0.5310572981834412
546,546,2.932871103286743,2.9433798789978027,2e-06,3.035498920274297,0.01663959538564086,0.056150519667426124,0.09296562417875975,0.5386890023946762
547,547,2.9185471534729004,2.920616865158081,2e-06,3.0383366434377264,0.016623612958937883,0.05559321929467842,0.09292831702623516,0.5359615087509155
548,548,2.936432123184204,2.9422993659973145,2e-06,3.040940564714998,0.016641045454889536,0.055783382180379704,0.0929728071205318,0.5393945276737213
549,549,2.9249119758605957,2.9049746990203857,2e-06,3.0432442512586344,0.016625212039798498,0.05567586680990644,0.09314297244418412,0.5392419248819351
550,550,2.898139715194702,2.9181666374206543,2e-06,3.0462277479498443,0.016640066169202328,0.05593560109264217,0.09302895551081747,0.5424850881099701
551,551,2.878150463104248,2.969818592071533,2e-06,3.0487486096459526,0.016647089272737503,0.055556000530486926,0.09309888200368732,0.5410338491201401
552,552,2.964582681655884,2.9328596591949463,2e-06,3.0503924020893036,0.016657061874866486,0.055150419793790206,0.09300073771737516,0.5355996340513229
553,553,2.8707616329193115,2.946549654006958,2e-06,3.052500190919265,0.01663107192143798,0.0550671951205004,0.09292864566668868,0.536405548453331
554,554,2.9472362995147705,2.991729259490967,2e-06,3.053289123438125,0.01663353992626071,0.055774772888980806,0.092939926777035,0.5362190455198288
555,555,2.9684159755706787,2.921509027481079,2e-06,3.054589726536669,0.0166199435479939,0.054430756805231795,0.09294206532649696,0.5293633788824081
556,556,2.853756904602051,3.042325973510742,2e-06,3.054710978331955,0.016652153339236975,0.05390575836645439,0.09295084490440786,0.527900367975235
557,557,2.917508840560913,2.858649492263794,2e-06,3.054887280938754,0.016631088685244322,0.05446589601342566,0.09302498528268188,0.5270121544599533
558,558,2.9507250785827637,2.91475248336792,2e-06,2.8290007374922967,0.016634407453238964,0.053312342934077606,0.0931061744922772,0.5209867656230927
559,559,2.9475204944610596,2.9240260124206543,2e-06,2.851552664075132,0.016637290362268686,0.053537050989689305,0.09294962557032704,0.5242725610733032
560,560,2.895251512527466,2.841897487640381,2e-06,2.8732874838675806,0.016642856411635876,0.054587315884418786,0.09315862983930856,0.5290783196687698
561,561,2.90427303314209,2.9243555068969727,2e-06,2.6663787701869732,0.016645772848278284,0.05470996713847853,0.09314182819798589,0.5333432704210281
562,562,2.9389514923095703,2.8444740772247314,2e-06,2.7069055646638995,0.01663941377773881,0.055280624103033915,0.09316357201896608,0.5349175482988358
563,563,2.8991119861602783,2.9540512561798096,2e-06,2.74395348378239,0.016646163072437048,0.054733691446017474,0.09314776619430631,0.536807656288147
564,564,2.856998920440674,2.908534526824951,2e-06,2.7760301695944594,0.016657150350511074,0.05521250158199109,0.0932017065351829,0.5410172492265701
565,565,2.94085431098938,2.923882246017456,2e-06,2.8061472387361253,0.01664684945717454,0.05584821981028654,0.09316003962885588,0.5407658517360687
566,566,2.907806634902954,2.9622538089752197,2e-06,2.8333091386066163,0.01663613459095359,0.054746093024732545,0.09327895182650536,0.5383669137954712
567,567,2.939091920852661,2.9623491764068604,2e-06,2.8575485524814344,0.016643351409584284,0.054554334230488166,0.0932673899224028,0.5343184471130371
568,568,2.899672508239746,2.9713778495788574,2e-06,2.8783447897672585,0.01665263343602419,0.05411461551557295,0.09328722453210503,0.5347684025764465
569,569,2.85048246383667,2.924182653427124,2e-06,2.8986832804960994,0.016643716022372246,0.05436696426477283,0.09314419387374073,0.5340889245271683
570,570,2.9135372638702393,2.9611878395080566,2e-06,2.914771743237585,0.01665797410532832,0.05411023780470714,0.09310775436460972,0.5345839858055115
571,571,2.9119675159454346,2.900585412979126,2e-06,2.930985372596161,0.016628375742584467,0.05459111073287204,0.09308189724106342,0.5309756696224213
572,572,2.9136388301849365,2.9440195560455322,2e-06,2.9443217194365334,0.016657795757055283,0.05451610198360868,0.09305692184716463,0.5334347039461136
573,573,2.9009523391723633,2.879741907119751,2e-06,2.956393335262379,0.016650145407766104,0.05460998709895648,0.0931201804196462,0.5339419841766357
574,574,2.917678117752075,2.930772304534912,2e-06,2.969094411437046,0.0166635955683887,0.054966100375168025,0.09317174309398979,0.5345602333545685
575,575,2.8898792266845703,2.8771324157714844,2e-06,2.979278405838001,0.016650885809212923,0.054596450907411054,0.09311945550143719,0.534936934709549
576,576,2.9450478553771973,2.897496223449707,2e-06,2.9878530016735225,0.0166511507704854,0.05495852013700642,0.09319123276509345,0.5405789166688919
577,577,2.9134960174560547,2.8519399166107178,2e-06,2.9952731302833775,0.016638293862342834,0.054644844378344715,0.09330105257686228,0.5390645265579224
578,578,2.9189651012420654,2.919459104537964,2e-06,3.0039112735121076,0.0166601175442338,0.05454965616809204,0.09327918186318129,0.5418443828821182
579,579,2.84421443939209,2.9278323650360107,2e-06,3.011579770037616,0.01664050156250596,0.05578533737570979,0.093293895595707,0.5460349768400192
580,580,2.90464448928833,2.9684112071990967,2e-06,3.016799956192778,0.01664595352485776,0.054456577490782365,0.0932677733944729,0.5402182042598724
581,581,2.928379774093628,2.9146885871887207,2e-06,3.022540675638475,0.016640364658087492,0.055178500537294894,0.09328884340357035,0.5433530807495117
582,582,2.979099988937378,2.9087352752685547,2e-06,3.0285135487672448,0.016660626977682114,0.05492385177058168,0.09334121830761433,0.5419796705245972
583,583,2.9686009883880615,3.004216194152832,2e-06,3.0321254463374907,0.016651676036417484,0.05449868834693916,0.09324522991664708,0.5387560576200485
584,584,2.9321234226226807,2.9401333332061768,2e-06,3.035730525110819,0.016654665581882,0.05462751814047806,0.09336014499422163,0.5400249063968658
585,585,2.935697317123413,2.8887500762939453,2e-06,3.0406340185562364,0.01666059996932745,0.05427200530539267,0.09330104477703571,0.5344186723232269
586,586,2.954836130142212,2.896806478500366,2e-06,3.043338822508997,0.016665604431182146,0.05387350814999081,0.09325961652211845,0.5349209606647491
587,587,2.864633560180664,2.8711369037628174,2e-06,3.045836782635715,0.016659478656947613,0.05498826567782089,0.09312244108878076,0.5398968905210495
588,588,2.9019548892974854,2.911898612976074,2e-06,3.0488547331664075,0.01667784620076418,0.05390012709540315,0.09326242725364864,0.535774827003479
589,589,2.9230597019195557,2.9207918643951416,2e-06,3.050387260522275,0.016673704609274864,0.05434416088974103,0.0932320182910189,0.5394047498703003
590,590,2.909454107284546,2.9490580558776855,2e-06,3.0532192065613457,0.01665972452610731,0.05449009581934661,0.09326861950103194,0.5415810644626617
591,591,2.87418532371521,2.9408118724823,2e-06,3.0541425072853916,0.016669942997395992,0.054619363450910896,0.09334522054996341,0.5415115654468536
592,592,2.9095635414123535,2.865549325942993,2e-06,3.0565471267966897,0.01666397461667657,0.05551583206397481,0.09329070674721152,0.5467983484268188
593,593,2.9543845653533936,2.902730941772461,2e-06,3.057198356003205,0.016671896912157536,0.05459542135940865,0.09342700184788555,0.5417686253786087
594,594,2.8900766372680664,2.916339874267578,2e-06,3.0579201583948254,0.016645597759634256,0.05455480222008191,0.0933554288931191,0.5402545034885406
595,595,2.9290387630462646,2.9620769023895264,2e-06,3.05929960015093,0.016673001926392317,0.05476800861652009,0.09342082217335701,0.5419386327266693
596,596,2.881115674972534,2.952876567840576,2e-06,3.060188617673807,0.016666581854224205,0.05488827437511645,0.09333448542747647,0.5425726920366287
597,597,2.927527904510498,2.8910858631134033,2e-06,3.060779661860225,0.01665207976475358,0.0548271477164235,0.09340255428105593,0.5437947809696198
598,598,2.902428150177002,2.967402696609497,2e-06,3.062314213286691,0.016667302697896957,0.05516802801867016,0.09339845657814294,0.5449428409337997
599,599,2.882493257522583,2.939008951187134,2e-06,3.063240677653517,0.016680131200701,0.05552092028665356,0.0934205031953752,0.5477676391601562
600,600,2.8944473266601562,2.898801326751709,2e-06,3.0639232500942044,0.01666025724261999,0.054857428069226444,0.09337997424881905,0.5448409914970398
601,601,2.9003169536590576,2.883302688598633,2e-06,3.0653416176784,0.01667931815609336,0.05431824820698239,0.09344981261529028,0.5420063883066177
602,602,2.880375385284424,2.9158856868743896,2e-06,3.0665513806534777,0.016665087547153234,0.05449373435112648,0.09348011668771505,0.5424740165472031
603,603,2.945770502090454,2.926532506942749,2e-06,3.0676933067368934,0.016672267578542233,0.05399708868935704,0.093396513373591,0.5412840992212296
604,604,2.868195056915283,2.946168899536133,2e-06,3.0676204531436038,0.01666876906529069,0.05518700779066421,0.09341317741200328,0.5478702336549759
605,605,2.9596736431121826,2.910579204559326,2e-06,3.0668434785128835,0.016675099730491638,0.05542501833406277,0.09341334796044976,0.5478367954492569
606,606,2.923515796661377,2.900259017944336,2e-06,3.0670702171500026,0.016671088989824057,0.054648785677272826,0.09350911120418459,0.5447872132062912
607,607,2.868575096130371,2.933668613433838,2e-06,3.0676425923200545,0.016660449095070362,0.05471252993447706,0.09347681293729693,0.5426139235496521
608,608,2.861905813217163,2.8894407749176025,2e-06,3.0671498637315113,0.016680646687746048,0.0544264035706874,0.09342006675433367,0.545880600810051
609,609,2.9402987957000732,2.8945415019989014,2e-06,3.069648916391451,0.016670338343828917,0.054884462064364925,0.09352372086141258,0.5446927398443222
610,610,2.9165713787078857,2.9317736625671387,2e-06,3.070576513365904,0.016670076176524162,0.053530479373876005,0.09342883573845029,0.5400437414646149
611,611,2.904073715209961,2.9422099590301514,2e-06,3.069950369294965,0.016678741667419672,0.05464976574876346,0.09331667295191437,0.5434043109416962
612,612,2.825740098953247,2.9309163093566895,2e-06,3.06968631625022,0.016682642977684736,0.05390106118284166,0.09346078254748136,0.5433594137430191
613,613,2.9902286529541016,2.926715850830078,2e-06,3.068591012890949,0.016669883858412504,0.0546297229884658,0.09349096415098757,0.5436671376228333
614,614,2.8889095783233643,2.877798557281494,2e-06,3.068145860528595,0.016680155880749226,0.05392858447157778,0.09348216082435101,0.5445287674665451
615,615,2.9019081592559814,2.985016107559204,2e-06,3.067693910562471,0.01667495956644416,0.05475631821900606,0.09341180371120572,0.546681672334671
616,616,2.8822243213653564,2.9108591079711914,2e-06,3.068715451248518,0.016688390634953976,0.05468317979830317,0.0934686966938898,0.5465008467435837
617,617,2.8863484859466553,2.9074313640594482,2e-06,3.0681282557381633,0.016674178652465343,0.05306555322022177,0.09343421261291951,0.5416760742664337
618,618,2.9455747604370117,2.950794219970703,2e-06,3.0678570605773197,0.01664601219817996,0.0543209750612732,0.09348591568414122,0.5432553738355637
619,619,2.8542418479919434,2.9436545372009277,2e-06,3.068613108590435,0.016673363745212555,0.05386808104231022,0.09350843681022525,0.5440826267004013
620,620,2.8924527168273926,2.8703999519348145,2e-06,3.0681056583430335,0.016671605873852968,0.05273002234753221,0.09366348222829401,0.5433133542537689
621,621,2.8842477798461914,2.874713182449341,2e-06,3.067568647128913,0.016686062794178724,0.05441043802420609,0.0935920764459297,0.5471924096345901
622,622,2.8954315185546875,2.940885066986084,2e-06,3.067252069605755,0.016688985750079155,0.05440713494317606,0.09373161324765533,0.5514178723096848
623,623,2.8927366733551025,2.9271016120910645,2e-06,3.0669016502197444,0.016672471538186073,0.05352993815904483,0.09366549947299063,0.5450058728456497
624,624,2.8666443824768066,2.871500015258789,2e-06,3.0676009360102565,0.01670123264193535,0.05462774840998463,0.09365511918440461,0.5527146756649017
625,625,2.8855671882629395,2.953378677368164,2e-06,3.0668669955816936,0.016676535829901695,0.054159080085810274,0.09370695916004479,0.5513955652713776
626,626,2.863525629043579,2.886866569519043,2e-06,3.066606400509035,0.016666228882968426,0.0540769356302917,0.09368059306871146,0.5490361899137497
627,627,2.865102767944336,2.8714184761047363,2e-06,3.0669137654017473,0.016678154934197664,0.05454509303672239,0.09361888933926821,0.5500672310590744
628,628,2.893880844116211,2.916795015335083,2e-06,3.0671626095410107,0.016692944802343845,0.05368640282540582,0.09368258179165423,0.5488258749246597
629,629,2.93046236038208,2.9063684940338135,2e-06,3.067134031056936,0.016682887449860573,0.055164189368952066,0.09363246150314808,0.5516600012779236
630,630,2.9232749938964844,2.971508502960205,2e-06,3.068021576219963,0.016672011464834213,0.05409637195407413,0.09363169211428612,0.5469760894775391
631,631,2.912444829940796,2.913727283477783,2e-06,3.0682402952997094,0.01668145041912794,0.05418180677224882,0.09366623917594552,0.5484172105789185
632,632,2.8934712409973145,2.933588981628418,2e-06,3.067769451365658,0.016672545578330755,0.05424529715673998,0.09371713967993855,0.5483458489179611
633,633,2.901279926300049,2.9448771476745605,2e-06,3.0673159940778296,0.016697512473911047,0.05436620270484127,0.09362544934265316,0.5510108917951584
634,634,2.933107852935791,2.919252395629883,2e-06,3.0673634303707185,0.01669903937727213,0.05367718587513082,0.09363345976453274,0.5500587373971939
635,635,2.8852806091308594,2.917571544647217,2e-06,3.0658377010217293,0.01670116139575839,0.054140597727382556,0.093606490874663,0.5526692569255829
636,636,2.894824504852295,2.934675455093384,2e-06,3.066678044656055,0.01668741973116994,0.054154759214725345,0.09371283184736967,0.5533935576677322
637,637,2.9173669815063477,2.9567177295684814,2e-06,3.0664187869561794,0.016677062958478928,0.054822541831526905,0.09367386717349291,0.5548896044492722
638,638,2.8755767345428467,2.8811662197113037,2e-06,3.065026386233969,0.0167090417817235,0.055012334283674136,0.09365487284958363,0.5562652200460434
639,639,2.9221060276031494,2.920790672302246,2e-06,3.0643546889709796,0.016689734999090433,0.05412764093489386,0.09362253081053495,0.551201730966568
640,640,2.884518623352051,2.9033398628234863,2e-06,3.064153649217672,0.01668335124850273,0.0536333117634058,0.09372894745320082,0.5483473986387253
641,641,2.8678650856018066,2.904078245162964,2e-06,3.0656416823301758,0.016695148311555386,0.05423850973602384,0.09365311788860708,0.5512372702360153
642,642,2.8868472576141357,2.880303382873535,2e-06,3.0643732400619315,0.01670382684096694,0.053124850732274354,0.09364261222071946,0.5470270365476608
643,643,2.918109655380249,2.865217685699463,2e-06,3.0653185711330413,0.01670100260525942,0.053199526242678985,0.09372451866511256,0.5500807464122772
644,644,2.8709402084350586,2.8277504444122314,2e-06,3.065127074882087,0.016694548539817333,0.053503509872825816,0.09375975362490863,0.5500520765781403
645,645,2.913558006286621,2.8854682445526123,2e-06,2.846648093726566,0.016701238229870796,0.05467414919985458,0.09369863383471966,0.5535168796777725
646,646,2.9020020961761475,2.857606887817383,2e-06,2.869284414040152,0.01670071668922901,0.05528282397426665,0.09372467920184135,0.5583505928516388
647,647,2.9010438919067383,2.942157030105591,2e-06,2.8890605682661152,0.016712243668735027,0.05386134990840219,0.09378810145426542,0.5497211962938309
648,648,2.8917288780212402,2.9334557056427,2e-06,2.907571148197843,0.016713785007596016,0.05430921746301465,0.09377227362710983,0.5526024699211121
649,649,2.8756399154663086,2.837178945541382,2e-06,2.924480325832643,0.016702411230653524,0.053535688610281795,0.09377744607627392,0.5508295893669128
650,650,2.890106201171875,2.873035430908203,2e-06,2.9400871393147643,0.01668464206159115,0.054633399937301874,0.0938265387667343,0.5578791797161102
651,651,2.927433729171753,2.8665502071380615,2e-06,2.9537522069653477,0.016700496897101402,0.05378763022599742,0.09374716994352639,0.5532104223966599
652,652,2.8841240406036377,2.909266233444214,2e-06,2.965871129361351,0.016702384687960148,0.053735194669570774,0.09372182586230338,0.5506635159254074
653,653,2.8624086380004883,2.880018949508667,2e-06,2.9761151816791136,0.016711687203496695,0.054477665515150875,0.09383830858860165,0.5550293475389481
654,654,2.8719589710235596,2.8902409076690674,2e-06,2.985945451551073,0.016687653493136168,0.053423258039401844,0.09374545142054558,0.550453245639801
655,655,2.922419548034668,2.8660097122192383,2e-06,2.994022353987262,0.01670108735561371,0.05476058856584132,0.09374074661172926,0.5555119216442108
656,656,2.9208388328552246,2.8939943313598633,2e-06,3.000835663148841,0.01669240090996027,0.0536882875894662,0.09383478970266879,0.5487974435091019
657,657,2.91145920753479,2.888460874557495,2e-06,3.008319022664277,0.016701411455869675,0.05356721923453733,0.09386350598651916,0.5523232817649841
658,658,2.8499817848205566,2.925431966781616,2e-06,3.0130270534238597,0.016692271921783686,0.054277353890938684,0.0939126459416002,0.5573441982269287
659,659,2.8769237995147705,2.8711602687835693,2e-06,3.017836069051413,0.0167057728394866,0.05442580219823867,0.09384550200775266,0.5581765621900558
660,660,2.923046827316284,2.891598701477051,2e-06,3.0222026031204723,0.01669270545244217,0.0541571909270715,0.09377369587309659,0.5582147985696793
661,661,2.923339366912842,2.903200626373291,2e-06,3.027838017834002,0.01668906770646572,0.05425718575133942,0.09378787269815803,0.5578565448522568
662,662,2.9008030891418457,2.90002179145813,2e-06,3.0313068575345605,0.01670596981421113,0.05407650614506565,0.09373685717582703,0.5554110109806061
663,663,2.8958351612091064,2.882512092590332,2e-06,3.0360679785815785,0.01669141836464405,0.05396771203959361,0.09366120642516762,0.5525750368833542
664,664,2.8712363243103027,2.8811564445495605,2e-06,3.040155389051833,0.01670677913352847,0.05465795818599872,0.09383396152406931,0.5582541823387146
665,665,2.846799373626709,2.892108201980591,2e-06,3.042657152073333,0.016711329575628042,0.05382474994985387,0.09365114965476096,0.5557735711336136
666,666,2.854714870452881,2.929713249206543,2e-06,3.046025734427828,0.01671672472730279,0.05468071866198443,0.0938019099412486,0.5592856705188751
667,667,2.878737688064575,2.879077196121216,2e-06,3.0491922905943087,0.016705332323908806,0.054240494791883975,0.09380771114956588,0.5563165694475174
668,668,2.8780810832977295,2.8239052295684814,2e-06,3.050510863170829,0.016713756136596203,0.05448024513316341,0.0939264363842085,0.5603162944316864
669,669,2.9083967208862305,2.889575481414795,2e-06,2.8323661284477986,0.01671741483733058,0.05313657832448371,0.09397032938431948,0.5543683618307114
670,670,2.8537540435791016,2.9308764934539795,2e-06,2.856138867420734,0.016699831932783127,0.05384889882407151,0.09401294030249119,0.5571528077125549
671,671,2.8877992630004883,2.8722176551818848,2e-06,2.876910570385009,0.016709510702639818,0.05373223434435204,0.09392541949637234,0.5583366453647614
672,672,2.951200008392334,2.872779130935669,2e-06,2.8956307611689334,0.016711170319467783,0.0534584169217851,0.09397449251264334,0.5586942583322525
673,673,2.8372955322265625,2.793478012084961,2e-06,2.9132900479565444,0.01672495948150754,0.0548422378487885,0.09388091997243464,0.5622842311859131
674,674,2.87640380859375,2.85768461227417,2e-06,2.710812190644173,0.016699956730008125,0.053716239461209625,0.09399490035139024,0.5585504621267319
675,675,2.9175803661346436,2.8949666023254395,2e-06,2.7449717377320835,0.016702274791896343,0.05428739168564789,0.09385165583807975,0.5627391785383224
676,676,2.850705623626709,2.905111789703369,2e-06,2.7726163111347226,0.016702210064977407,0.05299747723620385,0.09392071748152375,0.5537043660879135
677,677,2.8965213298797607,2.8444573879241943,2e-06,2.801688966384569,0.016708725597709417,0.05410848144674674,0.09386072703637183,0.5600160509347916
678,678,2.879706621170044,2.893563985824585,2e-06,2.8292449232801236,0.01672316389158368,0.05317783818463795,0.09383461624383926,0.55392125248909
679,679,2.871734142303467,2.979348659515381,2e-06,2.8526479681545993,0.01672251196578145,0.053202219773083925,0.09391465061344206,0.5549232959747314
680,680,2.921942949295044,2.883453607559204,2e-06,2.873690462843389,0.016714153345674276,0.05398250796133652,0.09391093743033707,0.5611874014139175
681,681,2.8626110553741455,2.861727237701416,2e-06,2.8927157835583652,0.016721082851290703,0.05429345235461369,0.09404533682391047,0.5627740025520325
682,682,2.880202054977417,2.8702633380889893,2e-06,2.9097919907797536,0.01672197412699461,0.053956954478053376,0.09394747053738683,0.5603242516517639
683,683,2.870851993560791,2.872102975845337,2e-06,2.9250364293698006,0.016721257474273443,0.05343811269267462,0.09399750002194196,0.55727618932724
684,684,2.8300893306732178,2.8334097862243652,2e-06,2.938984555820923,0.016723716165870428,0.05474688732647337,0.09394404594786465,0.567184180021286
685,685,2.8777096271514893,2.8550848960876465,2e-06,2.9518671666294347,0.016705616377294064,0.053599631384713575,0.09401812555734068,0.5595812797546387
686,686,2.882451057434082,2.8752689361572266,2e-06,2.9628993666030246,0.016718044877052307,0.054582208627834916,0.09395295975264162,0.5646797567605972
687,687,2.833157539367676,2.878922462463379,2e-06,2.9748944618009387,0.016722087282687426,0.05466298796818592,0.09394656156655401,0.5639136284589767
688,688,2.8961269855499268,2.9302356243133545,2e-06,2.983820315117603,0.016718771308660507,0.054772392235463485,0.09405326307751238,0.5668662637472153
689,689,2.8851678371429443,2.929175615310669,2e-06,2.991840753168116,0.016711766365915537,0.053713839704869315,0.09416308079380542,0.5621690899133682
690,690,2.8839240074157715,2.875469446182251,2e-06,2.9982953437423228,0.016724422108381987,0.053705069614807144,0.0941101482603699,0.5618805140256882
691,691,2.8324320316314697,2.8743388652801514,2e-06,3.004401730257995,0.01671785954385996,0.05408567297854461,0.09406070376280695,0.5642108917236328
692,692,2.864393711090088,2.957676649093628,2e-06,3.0106458572940706,0.016734701115638018,0.0539061909657903,0.09403308609034866,0.5639902651309967
693,693,2.892772912979126,2.8778421878814697,2e-06,3.016011428117419,0.016739594750106335,0.054769223992479965,0.09404328640084714,0.567639634013176
694,694,2.8608710765838623,2.836864471435547,2e-06,3.020648761448974,0.01672367937862873,0.053493573708692566,0.09398909076116979,0.5634991973638535
695,695,2.916175365447998,2.8773956298828125,2e-06,3.0250599727764436,0.016706706024706364,0.05261982057709247,0.09404907573480159,0.5551037341356277
696,696,2.89367938041687,2.873877763748169,2e-06,3.02889163655406,0.016716940328478813,0.05362048474489711,0.09410166007000953,0.5628079921007156
697,697,2.8604795932769775,2.930507183074951,2e-06,3.032188346390217,0.016737368423491716,0.05381955433404073,0.09418482321780175,0.5637005865573883
698,698,2.9102883338928223,2.879504919052124,2e-06,3.0368435924703,0.016715537756681442,0.05326166268787347,0.09428329137153924,0.561933308839798
699,699,2.820211172103882,2.833587169647217,2e-06,3.039513093834912,0.016716450452804565,0.05262504986603744,0.09411913249641657,0.5577026009559631
700,700,2.86688494682312,2.870728015899658,2e-06,3.0419352218130693,0.016724110580980778,0.05391196071286686,0.09416810318361968,0.5643350780010223
701,701,2.8777596950531006,2.951840400695801,2e-06,3.0440348207394763,0.01672512199729681,0.05298984647379257,0.0940832900814712,0.5569138526916504
702,702,2.8299317359924316,2.904919385910034,2e-06,3.045959550770717,0.016726849135011435,0.05371219583321363,0.09414096688851714,0.5646518617868423
703,703,2.8507232666015625,2.873931884765625,2e-06,3.047826172642743,0.01673953514546156,0.05366988625610247,0.0941587898414582,0.562759667634964
704,704,2.808954954147339,2.8921356201171875,2e-06,3.0482347406347956,0.01674148766323924,0.05406529805622995,0.09412214497569948,0.5621014535427094
705,705,2.857481002807617,2.931880235671997,2e-06,3.050213318332197,0.016720151994377375,0.05371634435141459,0.09414986951742321,0.5616291612386703
706,706,2.8798084259033203,2.833242654800415,2e-06,3.051456096123324,0.016719152685254812,0.053870023955823854,0.0941240853862837,0.5645057857036591
707,707,2.8946356773376465,2.8970634937286377,2e-06,3.0527527999085016,0.01672894274815917,0.053719363146228716,0.09420619264710695,0.5666897147893906
708,708,2.8451855182647705,2.923442840576172,2e-06,3.0543716704652795,0.01672649709507823,0.05441337707452476,0.0942487483844161,0.571213111281395
709,709,2.883866310119629,2.803765296936035,2e-06,3.055709477820208,0.0167292058467865,0.05403105964069255,0.09418935247231275,0.5685367286205292
710,710,2.8616650104522705,2.8590400218963623,2e-06,3.0554778357720807,0.016738969832658768,0.053351371054304764,0.0943151933606714,0.5646249651908875
711,711,2.8737499713897705,2.900221347808838,2e-06,3.0556957541408023,0.016716024838387966,0.052803407976171,0.09434818488080055,0.5641700625419617
712,712,2.880013942718506,2.887777328491211,2e-06,3.0564010826795798,0.016730256844311953,0.052839750627754256,0.0941731376806274,0.5632182061672211
713,713,2.8335883617401123,2.883471727371216,2e-06,3.0571776244903015,0.016720538958907127,0.05348996177781373,0.0941383542958647,0.564070925116539
714,714,2.8371427059173584,2.8745362758636475,2e-06,3.0577482599748254,0.016742573119699955,0.05324452189961448,0.09413089486770332,0.5615350306034088
715,715,2.8666999340057373,2.85587215423584,2e-06,3.0582658803369727,0.016728118993341923,0.05374160592327826,0.0942474453477189,0.5662496536970139
716,716,2.8546855449676514,2.905954122543335,2e-06,3.0591770431386376,0.016717948485165834,0.05300519711454399,0.09432928438764066,0.566972017288208
717,717,2.8271853923797607,2.840928316116333,2e-06,3.0593542119576607,0.016727492678910494,0.05330308439442888,0.09424493287224323,0.5636517107486725
718,718,2.8096251487731934,2.8798482418060303,2e-06,3.0596768289108134,0.016744656022638083,0.05338322164607234,0.0942107243463397,0.5625900626182556
719,719,2.8035731315612793,2.906963586807251,2e-06,3.061630273511563,0.016759229358285666,0.05391793989110738,0.09427158685866743,0.5679789036512375
720,720,2.859175682067871,2.8612921237945557,2e-06,3.062644132851857,0.016754206735640764,0.054229353001574054,0.09435445093549788,0.5733919590711594
721,721,2.852635622024536,2.887026309967041,2e-06,3.0632251050463166,0.016738022677600384,0.053688561310991645,0.09436324541456997,0.5725945383310318
722,722,2.879340171813965,2.8590686321258545,2e-06,3.06329156007043,0.016744176857173443,0.0534979414078407,0.09432503033895046,0.5686770975589752
723,723,2.893411636352539,2.8653836250305176,2e-06,3.0634438960786126,0.01675425423309207,0.054408026073360816,0.09445469605270773,0.5766315460205078
724,724,2.8114500045776367,2.9187514781951904,2e-06,3.063356195435599,0.01672124257311225,0.053361325786681846,0.0943493633531034,0.566173180937767
725,725,2.853438138961792,2.898500442504883,2e-06,3.0632435391180795,0.01675635762512684,0.05356262842542492,0.09431593935005367,0.5702915787696838
726,726,2.91464900970459,2.8537509441375732,2e-06,3.06321095682079,0.016754633281379938,0.05369618409895338,0.094275978859514,0.5689482688903809
727,727,2.850248336791992,2.8495404720306396,2e-06,3.0634639355414963,0.016742866951972246,0.0519389757537283,0.09424426639452577,0.5619805157184601
728,728,2.854093074798584,2.856779098510742,2e-06,3.0635166354296417,0.016754415817558765,0.053779012261657044,0.09430076484568417,0.5712919980287552
729,729,2.8137500286102295,2.8322579860687256,2e-06,3.064176357444584,0.016746348701417446,0.053512719925493,0.09420539170969278,0.5675937235355377
730,730,2.862173318862915,2.883732318878174,2e-06,3.0641146073767835,0.016757235396653414,0.05406852503074333,0.0943257788894698,0.5722686052322388
731,731,2.910346269607544,2.8507566452026367,2e-06,3.064096163252923,0.01675652200356126,0.054254586750175804,0.09425241616554558,0.571727380156517
732,732,2.912482500076294,2.8570008277893066,2e-06,3.0645095869299945,0.01672694878652692,0.05366401941864751,0.09422630083281547,0.5724661946296692
733,733,2.8361852169036865,2.8993420600891113,2e-06,3.0645962036340664,0.016749256290495396,0.05319002064061351,0.09437571628950536,0.5677628964185715
734,734,2.902271032333374,2.8129193782806396,2e-06,3.063380700064553,0.016736595891416073,0.053592378593748435,0.09430161351338029,0.572746217250824
735,735,2.856231451034546,2.8490731716156006,2e-06,3.0651493574353124,0.016763145104050636,0.05334638731437735,0.09442155028227717,0.570225790143013
736,736,2.8758597373962402,2.8368618488311768,2e-06,3.0665330467593814,0.016740276478230953,0.05308889565640129,0.09433745185378939,0.5705437064170837
737,737,2.895775556564331,2.868267774581909,2e-06,3.06641258676422,0.016758035868406296,0.0540593224868644,0.09445193980354816,0.574989452958107
738,738,2.8516652584075928,2.840055227279663,2e-06,3.066544948746745,0.016751615330576897,0.05387940345099196,0.09438794269226491,0.5731988400220871
739,739,2.8784477710723877,2.862980842590332,2e-06,3.0682937859998156,0.016740723978728056,0.05367832040064968,0.09443740686401725,0.5744384974241257
740,740,2.8799962997436523,2.908768892288208,2e-06,3.0685632692826847,0.016741496045142412,0.05402581917587668,0.09441439330112189,0.5751800984144211
741,741,2.8340704441070557,2.9072396755218506,2e-06,3.0694808409163516,0.01674745138734579,0.05350213876226917,0.09440528776030988,0.5741937011480331
742,742,2.8044652938842773,2.8362619876861572,2e-06,3.0705036740940197,0.016746376641094685,0.053334536642069,0.0944720609113574,0.5733546316623688
743,743,2.8498713970184326,2.855215072631836,2e-06,3.0698632039727425,0.01676349714398384,0.05397871253080666,0.09439432877115905,0.5736091434955597
744,744,2.8228883743286133,2.8253917694091797,2e-06,3.06913559632088,0.016761600505560637,0.05323230838985182,0.094432158395648,0.5737571567296982
745,745,2.88263201713562,2.8899264335632324,2e-06,3.0699060313050017,0.0167572102509439,0.053991811990272254,0.09449839254375547,0.5787561386823654
746,746,2.8494417667388916,2.845327854156494,2e-06,3.0707758748352294,0.01675314363092184,0.053659943980164826,0.09435142774600536,0.5738637149333954
747,747,2.833923578262329,2.8476014137268066,2e-06,3.0704218279356286,0.016753731295466423,0.054203719657380134,0.09437362116295844,0.5781838148832321
748,748,2.850046396255493,2.857783079147339,2e-06,3.067860380917782,0.016755061224102974,0.053216314350720495,0.09452102647628635,0.5739941596984863
749,749,2.8833744525909424,2.862090587615967,2e-06,3.062001715990411,0.016753523610532284,0.05344577188952826,0.09447563881985843,0.5763364136219025
750,750,2.8415205478668213,2.8604071140289307,2e-06,3.061340805983682,0.016756344120949507,0.05397512749186717,0.09458563174121082,0.5800513625144958
751,751,2.8500418663024902,2.8298416137695312,2e-06,3.0609361205410317,0.016748728696256876,0.05426202854141593,0.09453314868733287,0.5814381092786789
752,752,2.861807346343994,2.767746686935425,2e-06,3.0599988627485315,0.016759596299380064,0.053067865723278373,0.09445799922104925,0.5730886161327362
753,753,2.8365731239318848,2.8679044246673584,2e-06,2.8416986439501297,0.0167629630304873,0.0542570581601467,0.09445766289718449,0.5809554159641266
754,754,2.847991704940796,2.8161966800689697,2e-06,2.8602975488228997,0.01676658121868968,0.05409357728785835,0.09427792287897319,0.5789806991815567
755,755,2.8694703578948975,2.8896100521087646,2e-06,2.876589552029128,0.016763488296419382,0.05352850191411562,0.09451730258297175,0.5769722014665604
756,756,2.8767764568328857,2.880146026611328,2e-06,2.8913852011050145,0.01676549529656768,0.05283743565087207,0.09443511860445142,0.5727770030498505
757,757,2.8802144527435303,2.9244070053100586,2e-06,2.9047249730905387,0.016754474490880966,0.05182798852911219,0.09460421779658645,0.5692491978406906
758,758,2.8852756023406982,2.8689372539520264,2e-06,2.9167320839761492,0.016767256893217564,0.053886334295384586,0.09448976488783956,0.5774199366569519
759,759,2.890267848968506,2.853909730911255,2e-06,2.92623786679937,0.016753672622144222,0.05230925002251752,0.09445042710285634,0.5693209916353226
760,760,2.9039976596832275,2.969141721725464,2e-06,2.938226229823669,0.016753715928643942,0.054258965741610155,0.0944445172790438,0.5784619152545929
761,761,2.885133981704712,2.912936210632324,2e-06,2.949492331306666,0.01677269907668233,0.053692348883487284,0.09450846328400075,0.5819545537233353
762,762,2.836268424987793,2.7919249534606934,2e-06,2.9608355445356294,0.01676100306212902,0.05344199881074019,0.09456853079609573,0.5756218284368515
763,763,2.8563284873962402,2.9105618000030518,2e-06,2.9712625347811965,0.016765182372182608,0.05366832512663677,0.09457645297516137,0.5784894376993179
764,764,2.851553440093994,2.8422799110412598,2e-06,2.9804449224372838,0.016766110435128212,0.05262774333823472,0.09445050579961389,0.5723858326673508
765,765,2.890187978744507,2.8461878299713135,2e-06,2.9887097461472014,0.016774282325059175,0.05364785116398707,0.09458963165525347,0.5792421251535416
766,766,2.8566062450408936,2.847895860671997,2e-06,2.9962797341218295,0.016770866699516773,0.053828188189072534,0.0945686026243493,0.5801983326673508
767,767,2.920320510864258,2.7994914054870605,2e-06,3.002918568844789,0.0167785850353539,0.052787913708016276,0.09450855210889131,0.5738320797681808
768,768,2.90840482711792,2.8374297618865967,2e-06,3.0089333286540407,0.016773327253758907,0.05467546798172407,0.09456621285062283,0.5847582668066025
769,769,2.8719329833984375,2.841403007507324,2e-06,3.014620830220405,0.01677660970017314,0.05348692290135659,0.09465132607147098,0.5794220417737961
770,770,2.8103883266448975,2.8697705268859863,2e-06,3.019271142120363,0.01677853660658002,0.05348421382950619,0.09457635611761361,0.5792626440525055
771,771,2.856419563293457,2.8169336318969727,2e-06,3.0236951884749264,0.016765291802585125,0.05359373422106728,0.09457348403520882,0.5781953930854797
772,772,2.9056479930877686,2.8318123817443848,2e-06,3.0281195976786064,0.01677945116534829,0.0533128168026451,0.09459753124974668,0.5787108689546585
773,773,2.8575263023376465,2.896056652069092,2e-06,3.031283954735681,0.016779402270913124,0.0533158722682856,0.09459413413424045,0.5792279839515686
774,774,2.8411285877227783,2.83754825592041,2e-06,3.0344884957694735,0.016789458226412535,0.0538223700132221,0.09458462207112461,0.5806914418935776
775,775,2.868245840072632,2.8825440406799316,2e-06,3.0382905234405464,0.01677206391468644,0.05281415081117302,0.09457195678260177,0.5753628760576248
776,776,2.829586982727051,2.8418374061584473,2e-06,3.0412290000619957,0.01676642894744873,0.05336584339966066,0.09455668274313211,0.5782071799039841
777,777,2.7944726943969727,2.915741443634033,2e-06,3.0441466388509566,0.016782572027295828,0.05308394390158355,0.09455843002069741,0.5748017579317093
778,778,2.8922173976898193,2.8799071311950684,2e-06,3.0469835311913345,0.016780704725533724,0.0537446946837008,0.09454974276013672,0.5829677134752274
779,779,2.8391199111938477,2.868189573287964,2e-06,3.0474736837389487,0.016785336192697287,0.05364465303136967,0.09469956473913044,0.5801409780979156
780,780,2.9587488174438477,2.9198362827301025,2e-06,3.0510639898906993,0.016775809694081545,0.05286275077378377,0.09465834219008684,0.5774300992488861
781,781,2.909278154373169,2.831543445587158,2e-06,3.0529696543789204,0.016793697141110897,0.05294691305607557,0.09472721314523369,0.5780874341726303
782,782,2.8598551750183105,2.8780453205108643,2e-06,3.053882838333841,0.01676929648965597,0.05333898204844445,0.0946496055694297,0.5783450901508331
783,783,2.8392655849456787,2.8587191104888916,2e-06,3.0559635377449315,0.016775313764810562,0.05286814903956838,0.09473620925564319,0.5760073810815811
784,784,2.8277342319488525,2.9576122760772705,2e-06,3.056796665171211,0.016776022035628557,0.05321520718280226,0.09470407746266574,0.5790117084980011
785,785,2.8255128860473633,2.8537790775299072,2e-06,3.058442581416559,0.016789129003882408,0.05306754630873911,0.09473530354443938,0.5799494087696075
786,786,2.808659553527832,2.8487164974212646,2e-06,3.0600278750421492,0.016777959652245045,0.05386731805629097,0.0947308213217184,0.585004910826683
787,787,2.8340206146240234,2.806215524673462,2e-06,3.0614600775283183,0.016799780074506998,0.053862665459746495,0.09475085127633065,0.5852474719285965
788,788,2.9563841819763184,2.7987823486328125,2e-06,3.061617312461221,0.016782408580183983,0.05346684023970738,0.09481536690145731,0.5835075974464417
789,789,2.827063798904419,2.8574187755584717,2e-06,3.061834419499821,0.016789205837994814,0.05482953111641109,0.09478187398053706,0.5928297936916351
790,790,2.8020179271698,2.9018988609313965,2e-06,3.0626725322128823,0.016796835232526064,0.05436136829666793,0.09465727885253727,0.5911601483821869
791,791,2.8372888565063477,2.82555890083313,2e-06,3.062915823690725,0.01678198156878352,0.05329563972190954,0.09481571149080992,0.5846929550170898
792,792,2.91764497756958,2.8505589962005615,2e-06,3.062874859105285,0.016781703568995,0.05361588776577264,0.09480032173451036,0.5877373814582825
793,793,2.9047605991363525,2.838703155517578,2e-06,3.063625877863468,0.016781398560851812,0.05367498254054226,0.09476261795498431,0.5883003771305084
794,794,2.8359804153442383,2.8319618701934814,2e-06,3.063749511223713,0.01680666022002697,0.05328890180680901,0.09470145858358592,0.5830501019954681
795,795,2.867542266845703,2.868121862411499,2e-06,3.064402894542074,0.016790782567113638,0.05267803117749281,0.09478094859514385,0.5794916450977325
796,796,2.8489108085632324,2.8139209747314453,2e-06,3.0657726162305776,0.016784717794507742,0.05377288517775014,0.0947370498906821,0.5852154195308685
797,797,2.814812421798706,2.806910276412964,2e-06,3.066119991194447,0.016798288095742464,0.054091308440547436,0.09461550135165453,0.5831988155841827
798,798,2.889878749847412,2.8909008502960205,2e-06,3.066084094455181,0.01679536048322916,0.054217350349063054,0.09474745381157845,0.5878424942493439
799,799,2.8050715923309326,2.8951289653778076,2e-06,3.065677067660765,0.016798725817352533,0.053943085309583694,0.09472880919929594,0.5844605416059494
800,800,2.8310437202453613,2.859121561050415,2e-06,3.0647312309791874,0.016797907184809446,0.054437405517091975,0.09481050632894039,0.5885033011436462
801,801,2.902240514755249,2.8756144046783447,2e-06,3.063769843232526,0.016774984076619148,0.05378585655125789,0.09494326449930668,0.5888371467590332
802,802,2.8386995792388916,2.848686695098877,2e-06,3.0636084034695794,0.016790430527180433,0.05316607962595299,0.0948139566462487,0.5842706710100174
803,803,2.851583480834961,2.866616725921631,2e-06,3.0637581078217515,0.016797100193798542,0.05397303999052383,0.09490564814768732,0.588981419801712
804,804,2.844744920730591,2.898066520690918,2e-06,3.0639651595381734,0.01677969377487898,0.05343524081399664,0.09490492101758718,0.5865120440721512
805,805,2.8532309532165527,2.8569233417510986,2e-06,3.063915079186652,0.01680362969636917,0.05243110007722862,0.09490481740795076,0.5864669382572174
806,806,2.8463234901428223,2.8447537422180176,2e-06,3.064064525837526,0.016781819984316826,0.052256786468205974,0.09482882753945887,0.5812204927206039
807,807,2.8676140308380127,2.8782336711883545,2e-06,3.063687594332537,0.01678883144631982,0.05299490751349367,0.09485374053474516,0.5859007686376572
808,808,2.854539155960083,2.811697244644165,2e-06,3.0637881669611144,0.016799157485365868,0.05348075885558501,0.09482828842010349,0.5858950465917587
809,809,2.8411366939544678,2.813509941101074,2e-06,3.0638955714115945,0.016800574027001858,0.053935114730848,0.09476742963306606,0.589795246720314
810,810,2.8308892250061035,2.839611291885376,2e-06,3.063625148876245,0.016786416061222553,0.05352536038844846,0.09482836723327637,0.589928388595581
811,811,2.883300304412842,2.870919942855835,2e-06,3.063650924346935,0.016801603604108095,0.054480970167787746,0.09482220816425979,0.5943003743886948
812,812,2.8298208713531494,2.8144900798797607,2e-06,3.063699105558439,0.016810280736535788,0.05286785640055314,0.09488511574454606,0.5886789262294769
813,813,2.778433322906494,2.883726119995117,2e-06,3.063503606212057,0.016806296538561583,0.05298759677680209,0.09486277331598103,0.5851636081933975
814,814,2.8905375003814697,2.917222261428833,2e-06,3.063499006210145,0.01681519579142332,0.054438407270936295,0.09497975208796561,0.5960350632667542
815,815,2.847781181335449,2.831868886947632,2e-06,3.0644617820764353,0.01680764090269804,0.053558729705400765,0.09490055858623236,0.5920476019382477
816,816,2.8569819927215576,2.804502487182617,2e-06,3.0647520012901457,0.016804241575300694,0.05376710812561214,0.09499523835256696,0.5933651626110077
817,817,2.8048691749572754,2.854154109954834,2e-06,3.064834652710598,0.01681236969307065,0.053999280178686604,0.09494951507076621,0.5942205637693405
818,818,2.8159098625183105,2.763073682785034,2e-06,3.06471719884287,0.01679903408512473,0.053278285573469475,0.09489035687875003,0.5897192806005478
819,819,2.8188929557800293,2.8518853187561035,2e-06,2.8463680886262295,0.016812242567539215,0.05186628972296603,0.09500625927466899,0.584532156586647
820,820,2.847668170928955,2.881938934326172,2e-06,2.8686681124622257,0.016811293084174395,0.053286200360162184,0.09489880048204213,0.5884094685316086
821,821,2.83500337600708,2.8114073276519775,2e-06,2.8882483425358636,0.016803978011012077,0.05355675896862522,0.09483278205152601,0.5901502817869186
822,822,2.8538334369659424,2.9168965816497803,2e-06,2.906850341010102,0.01682274043560028,0.05317517003277317,0.09476522775366902,0.587161973118782
823,823,2.841473340988159,2.86641001701355,2e-06,2.922424694253969,0.016804344952106476,0.05338468021363951,0.09477000019978732,0.5878744870424271
824,824,2.904340982437134,2.8525705337524414,2e-06,2.9365090871313337,0.01679733721539378,0.05273779731942341,0.09485026204492897,0.5847169011831284
825,825,2.8677821159362793,2.8211796283721924,2e-06,2.9482719337601853,0.016818400472402573,0.05182696942938492,0.09483171498868614,0.5818286836147308
826,826,2.8300094604492188,2.854278802871704,2e-06,2.9593227790313428,0.016811956651508808,0.05241129102068953,0.09490516886580735,0.5882881581783295
827,827,2.858940601348877,2.8493521213531494,2e-06,2.969655960002009,0.01680128648877144,0.05315004923613742,0.09491672739386559,0.5908497422933578
828,828,2.8443546295166016,2.809945821762085,2e-06,2.9789882084293535,0.016827432438731194,0.05323187922476791,0.09487789764534682,0.5959958285093307
829,829,2.8410680294036865,2.8497090339660645,2e-06,2.987445948290697,0.016806740313768387,0.05290091078495607,0.09497424273286015,0.5917863994836807
830,830,2.8341376781463623,2.7999396324157715,2e-06,2.9948717193646552,0.016808613669127226,0.05384443554794416,0.09494453808292747,0.5986863225698471
831,831,2.8961455821990967,2.8416314125061035,2e-06,3.001820782282752,0.01681133359670639,0.0537646331358701,0.09500177088193595,0.5966092795133591
832,832,2.785224199295044,2.848576307296753,2e-06,3.0079642165667075,0.016816006042063236,0.05349565009237267,0.09496282297186553,0.5914944261312485
833,833,2.844928026199341,2.8347907066345215,2e-06,3.0139001321610244,0.01680889679118991,0.05431561774457805,0.09497030742932111,0.5973618626594543
834,834,2.843933343887329,2.8327279090881348,2e-06,3.0190436394333724,0.01680500339716673,0.052349327073898166,0.09488440083805472,0.5876817256212234
835,835,2.845797061920166,2.8019371032714844,2e-06,3.0219016560798244,0.016822186298668385,0.053979293879820034,0.09486578672658652,0.5912280827760696
836,836,2.7956717014312744,2.860400438308716,2e-06,3.0278544085814434,0.01681294059380889,0.052495233743684366,0.094866260769777,0.5850824415683746
837,837,2.8084604740142822,2.8245625495910645,2e-06,3.0312784427335426,0.01680694753304124,0.05269383403356187,0.09493510669562966,0.5867608189582825
838,838,2.8724045753479004,2.7768702507019043,2e-06,3.034643575761906,0.016818084754049778,0.052552600362105295,0.0948716273996979,0.5871510952711105
839,839,2.897737979888916,2.8161308765411377,2e-06,3.0375573813446395,0.016824215184897184,0.05331143082003109,0.094890326843597,0.5942541658878326
840,840,2.817230701446533,2.8312814235687256,2e-06,3.0401433539939156,0.01682888250797987,0.053554007317870855,0.09503215528093278,0.5969159454107285
841,841,2.801405191421509,2.8193395137786865,2e-06,3.0419599599549314,0.016794136725366116,0.053637553501175717,0.0949686859967187,0.5976952165365219
842,842,2.800934076309204,2.8499155044555664,2e-06,3.0439505117296166,0.016797338612377644,0.05285292552434839,0.09499208023771644,0.5929403007030487
843,843,2.8404459953308105,2.818718910217285,2e-06,3.045809451189023,0.0168273882009089,0.05409260161104612,0.09511618025135249,0.599477156996727
844,844,2.8544318675994873,2.8079850673675537,2e-06,3.0478005525223426,0.016819297336041927,0.052271389722591266,0.0949961117003113,0.586156964302063
845,845,2.8800530433654785,2.8457627296447754,2e-06,3.0462779441012704,0.016815959010273218,0.053711541171651334,0.09508764953352511,0.5947094559669495
846,846,2.8245909214019775,2.8331503868103027,2e-06,3.0481911042606824,0.016833075787872076,0.05272213849821128,0.09502032515592873,0.5924312770366669
847,847,2.825026512145996,2.8727915287017822,2e-06,3.0497494818707156,0.01682195020839572,0.05370033485814929,0.09507569950073957,0.5952330380678177
848,848,2.865323781967163,2.8809738159179688,2e-06,3.0510939722856865,0.01682323170825839,0.053125200676731765,0.09507019130978733,0.5962725579738617
849,849,2.815213918685913,2.8281538486480713,2e-06,3.0523654387370853,0.0168230296112597,0.05232595599954948,0.09505217242985964,0.5913855731487274
850,850,2.810514211654663,2.7849621772766113,2e-06,3.05314561829255,0.01683366857469082,0.0519837811589241,0.09505127440206707,0.5946138203144073
851,851,2.821317434310913,2.8193085193634033,2e-06,3.055255849943116,0.01681773131713271,0.05388896176009439,0.09500475134700537,0.5967612862586975
852,852,2.8332550525665283,2.808403253555298,2e-06,3.055629165600592,0.01682385429739952,0.05365772588993423,0.09513684338890016,0.6014616936445236
853,853,2.821183919906616,2.8541834354400635,2e-06,3.0572166707021693,0.016834856010973454,0.053582330874633044,0.0951266965130344,0.6021189242601395
854,854,2.824695348739624,2.827230930328369,2e-06,3.0582415519494957,0.016811201814562082,0.05284375135670416,0.09510042727924883,0.5957206785678864
855,855,2.8429174423217773,2.844324827194214,2e-06,3.0589461866518564,0.01683053933084011,0.05383710880414583,0.09519334824290127,0.6007852256298065
856,856,2.8466782569885254,2.819838523864746,2e-06,3.061361893428392,0.016819186508655548,0.05403283913619816,0.09511137974914163,0.5994536578655243
857,857,2.8238606452941895,2.8858559131622314,2e-06,3.0617098984436883,0.016805891878902912,0.05194590942119248,0.09517610247712582,0.5906993299722672
858,858,2.814607858657837,2.867621421813965,2e-06,3.0625170797744445,0.016836760565638542,0.05361933776293881,0.09506350383162498,0.5965260714292526
859,859,2.8949899673461914,2.8695380687713623,2e-06,3.062478893147217,0.01684574829414487,0.05276588967535645,0.09501471312250942,0.5936060547828674
860,860,2.868309259414673,2.844620943069458,2e-06,3.063974928575413,0.016812328714877367,0.05292586036375724,0.09501173964235932,0.5948392748832703
861,861,2.821838855743408,2.8317995071411133,2e-06,3.064774004490701,0.01683523366227746,0.05215254632639699,0.0951014463789761,0.5931483805179596
862,862,2.8140792846679688,2.831983804702759,2e-06,3.0647949864819157,0.016829312779009342,0.05255773937096819,0.09514464531093836,0.594732254743576
863,863,2.8561015129089355,2.7909226417541504,2e-06,3.065083693642108,0.016841819509863853,0.05247937122476287,0.09515345422551036,0.5944876074790955
864,864,2.820488214492798,2.79571795463562,2e-06,3.0648893640508703,0.016829201485961676,0.054165173205547035,0.09504350426141173,0.6019645482301712
865,865,2.8230645656585693,2.8718860149383545,2e-06,3.065172017713368,0.01682461053133011,0.05306819104589522,0.095172073924914,0.6007624864578247
866,866,2.8249709606170654,2.8261706829071045,2e-06,3.0671067253285353,0.01682591438293457,0.05276600894285366,0.0951431387802586,0.5964316874742508
867,867,2.8446896076202393,2.8668363094329834,2e-06,3.06789019588822,0.016823826357722282,0.052474759810138494,0.09519367769826204,0.5978114604949951
868,868,2.7928466796875,2.8381564617156982,2e-06,3.068223102259119,0.016847826540470123,0.052415656071389094,0.09525904280599207,0.5979101359844208
869,869,2.80057430267334,2.8004279136657715,2e-06,3.0678120398556317,0.01682970905676484,0.05372528589214198,0.09520189161412418,0.6044471859931946
870,870,2.8727219104766846,2.8774771690368652,2e-06,3.067400897751492,0.01683579757809639,0.05283029985730536,0.09511893021408468,0.597523421049118
871,871,2.8520538806915283,2.823787212371826,2e-06,3.0684401569508752,0.016852710861712694,0.05335550510790199,0.09514011756982654,0.5993811041116714
872,872,2.8225653171539307,2.870539665222168,2e-06,3.0679088313512284,0.016834901180118322,0.05260927425115369,0.09513885411433876,0.596180647611618
873,873,2.8395888805389404,2.8224871158599854,2e-06,3.068765179082179,0.016840685158967972,0.05286216098465957,0.09516671684104949,0.6001180410385132
874,874,2.8369596004486084,2.834787607192993,2e-06,3.0684505682757943,0.016838724724948406,0.05322407078347169,0.09506989631336182,0.6005103290081024
875,875,2.809335947036743,2.864997148513794,2e-06,3.068591138287758,0.016834210604429245,0.052230544097255915,0.09523148951120675,0.5940516144037247
876,876,2.8210902214050293,2.833906650543213,2e-06,3.068072385321332,0.016818180680274963,0.05363293370464817,0.09517707384657115,0.6024488806724548
877,877,2.8048553466796875,2.8208963871002197,2e-06,3.067527232561655,0.01686264295130968,0.05403360034688376,0.09519474930129945,0.607757955789566
878,878,2.822185754776001,2.8153622150421143,2e-06,3.067010961935663,0.016837468836456537,0.05353260994888842,0.09530302789062262,0.6042310446500778
879,879,2.8638973236083984,2.8613944053649902,2e-06,3.067551237620849,0.016844154335558414,0.05271606470341794,0.09530136920511723,0.5996892601251602
880,880,2.867375135421753,2.8328800201416016,2e-06,3.066428733046773,0.016863886266946793,0.0530998908507172,0.09536601603031158,0.6073536276817322
881,881,2.83772873878479,2.830711841583252,2e-06,3.065557613658111,0.016843938268721104,0.052830399334197864,0.0952359635848552,0.6012546718120575
882,882,2.7815639972686768,2.84721040725708,2e-06,3.0652889007742776,0.01685016881674528,0.053935993724735454,0.09533830918371677,0.6115816980600357
883,883,2.823187828063965,2.7715952396392822,2e-06,3.0652786641047958,0.016850894782692194,0.052438761515077204,0.09525288944132626,0.6006696820259094
884,884,2.8056795597076416,2.812650203704834,2e-06,3.065007486659164,0.016844761092215776,0.05437691480619833,0.09527036198414862,0.6108743399381638
885,885,2.8391056060791016,2.809528350830078,2e-06,3.06479243703554,0.016841645818203688,0.0528092427412048,0.09524091659113765,0.5999491661787033
886,886,2.7841877937316895,2.7997841835021973,2e-06,3.0660904983791726,0.01684428472071886,0.05273025794303976,0.09523335425183177,0.6000545918941498
887,887,2.7992448806762695,2.9173028469085693,2e-06,3.065877841141135,0.016849974170327187,0.05249875719891861,0.09524366783443838,0.5992533415555954
888,888,2.838275909423828,2.891772747039795,2e-06,3.0658972584206086,0.016851110383868217,0.05353313375962898,0.0950977219035849,0.6051251292228699
889,889,2.8080499172210693,2.7701966762542725,2e-06,3.0669683786239617,0.016859887167811394,0.0529109277704265,0.09521193918772042,0.5997216403484344
890,890,2.8024234771728516,2.8275744915008545,2e-06,3.066965988271726,0.016844358295202255,0.052358105196617544,0.09538266097661108,0.6028493046760559
891,891,2.8883440494537354,2.8373911380767822,2e-06,3.0662059835126363,0.016849806532263756,0.052472211711574346,0.09527494746726006,0.6019068956375122
892,892,2.8757545948028564,2.8180391788482666,2e-06,3.0657570994880015,0.016852005384862423,0.05321676708990708,0.09528041200246662,0.6044471263885498
893,893,2.8084845542907715,2.8558943271636963,2e-06,3.0656608548285176,0.016862867400050163,0.053599854436470196,0.09535832260735333,0.6064428836107254
894,894,2.8326358795166016,2.7959237098693848,2e-06,3.065485085224199,0.01685244683176279,0.05243196655646898,0.09539818752091378,0.601009339094162
895,895,2.8490169048309326,2.822814464569092,2e-06,3.06529178735379,0.016843218356370926,0.05274424600065686,0.09538751340005547,0.6053662598133087
896,896,2.774153232574463,2.846081256866455,2e-06,3.0650874462398363,0.016837566625326872,0.052689814736368135,0.09538226027507335,0.6034432649612427
897,897,2.824032783508301,2.7580997943878174,2e-06,3.065066273969641,0.016853911336511374,0.052942174748750404,0.09537090547382832,0.6055083274841309
898,898,2.7930517196655273,2.8631432056427,2e-06,2.8465545950134037,0.016863491386175156,0.0526204795751255,0.09535871760454029,0.6064597219228745
899,899,2.8032374382019043,2.844999313354492,2e-06,2.869552493059712,0.016865854151546955,0.053644726489437744,0.09532788558863103,0.6111115217208862
900,900,2.871074914932251,2.8831613063812256,2e-06,2.889139550013127,0.016849699895828962,0.05240778226288967,0.09531916189007461,0.6040521711111069
901,901,2.8686506748199463,2.8323802947998047,2e-06,2.9077707504310055,0.0168558182194829,0.053057752520544454,0.09533594758249819,0.6077696681022644
902,902,2.850468397140503,2.8043432235717773,2e-06,2.924335562363329,0.01684610266238451,0.05291106770164333,0.09536120225675404,0.6047260612249374
903,903,2.81242299079895,2.906839370727539,2e-06,2.9382700427559856,0.016863858327269554,0.05281706451205537,0.0953488958766684,0.6033572852611542
904,904,2.7755725383758545,2.841397285461426,2e-06,2.951218689757579,0.016854570247232914,0.052080125169595703,0.09531739365775138,0.5990525633096695
905,905,2.8198797702789307,2.85502552986145,2e-06,2.9624864614839717,0.016866913996636868,0.05257533013354987,0.09546484239399433,0.6041383892297745
906,906,2.798137664794922,2.8837783336639404,2e-06,2.974044419269016,0.01685626059770584,0.0536805912561249,0.09540287544950843,0.609761506319046
907,907,2.849658489227295,2.833163022994995,2e-06,2.9838765967567795,0.016857221256941557,0.05372801126213744,0.09529374178964645,0.609748512506485
908,908,2.804487705230713,2.7474613189697266,2e-06,2.992755431569809,0.016867856960743666,0.05283897268236615,0.09541698673274368,0.6075951755046844
909,909,2.81677508354187,2.821491003036499,2e-06,2.7729815724926192,0.01686086179688573,0.052960167900891975,0.09539795306045562,0.6088566035032272
910,910,2.750415563583374,2.874305009841919,2e-06,2.8022818271457646,0.016872352920472622,0.0529061614361126,0.0954109977465123,0.6113676577806473
911,911,2.8399009704589844,2.8956754207611084,2e-06,2.8290928271390547,0.016854506451636553,0.05294674419565126,0.09548745641950518,0.6096770316362381
912,912,2.8230512142181396,2.8308072090148926,2e-06,2.8539342808869947,0.01686591375619173,0.05332513523171656,0.09536771464627236,0.6109759956598282
913,913,2.821981430053711,2.9068140983581543,2e-06,2.875223799917799,0.016861252021044493,0.0522520229278598,0.09539744083303958,0.6080813407897949
914,914,2.825514078140259,2.8197715282440186,2e-06,2.894853198657739,0.016873574815690517,0.05265194768435322,0.09541399939917028,0.6077891141176224
915,915,2.801689863204956,2.892289876937866,2e-06,2.91343637614008,0.016874936409294605,0.05376701959175989,0.09547225665301085,0.6131878793239594
916,916,2.808520555496216,2.7946972846984863,2e-06,2.9291217509610417,0.016894889529794455,0.05274470039876178,0.09538302104920149,0.6071419715881348
917,917,2.787842035293579,2.774904489517212,2e-06,2.943957587603027,0.01687642652541399,0.05409100707038306,0.09547773143276572,0.6142891347408295
918,918,2.873728036880493,2.8583824634552,2e-06,2.956500016724696,0.01687691966071725,0.0530195388419088,0.09541750058997422,0.6073955148458481
919,919,2.7557883262634277,2.8420472145080566,2e-06,2.968071020262862,0.01685344334691763,0.05286977521609515,0.09545934514608234,0.6121554970741272
920,920,2.8101067543029785,2.833036184310913,2e-06,2.9776373555982247,0.016881242394447327,0.052079380431678146,0.09546442038845271,0.6031779944896698
921,921,2.7910332679748535,2.879054546356201,2e-06,2.9864828498476754,0.016870795749127865,0.053224338858854026,0.09534778434317559,0.6062725484371185
922,922,2.862955331802368,2.916134834289551,2e-06,2.9957447816776965,0.01687384955585003,0.052024316595634446,0.09538580547086895,0.602648451924324
923,923,2.8278162479400635,2.841794729232788,2e-06,3.002220033583318,0.016891500912606716,0.05227641694364138,0.09532835497520864,0.6059561371803284
924,924,2.8488259315490723,2.839221477508545,2e-06,3.0091898479196604,0.016859345603734255,0.052657590043963864,0.0952736783074215,0.6072560846805573
925,925,2.797410249710083,2.857032299041748,2e-06,3.0149666636816965,0.01686987141147256,0.053221663751173764,0.09524922899436206,0.6089543402194977
926,926,2.8110544681549072,2.8206052780151367,2e-06,3.0200150069883707,0.01686404040083289,0.05316424331977032,0.09538497717585415,0.6093225628137589
927,927,2.8143746852874756,2.866002082824707,2e-06,3.025761518027623,0.016874439548701048,0.05204132973449305,0.09531468525528908,0.6072525233030319
928,928,2.829340696334839,2.905348062515259,2e-06,3.029677667897662,0.016878561582416296,0.05233129332191311,0.09544772480148822,0.6080639362335205
929,929,2.8011670112609863,2.804569721221924,2e-06,3.033850823614708,0.016885939985513687,0.053760282695293427,0.09552002954296768,0.6181423515081406
930,930,2.796133279800415,2.900486946105957,2e-06,3.0373300890843598,0.016874155960977077,0.053420266922330484,0.09549833461642265,0.6169239282608032
931,931,2.819071054458618,2.818952798843384,2e-06,3.041432307011813,0.016885460820049047,0.054578312643570825,0.09553221135865897,0.6242842227220535
932,932,2.8279788494110107,2.806436061859131,2e-06,3.042775303964298,0.01686619222164154,0.05225111806066707,0.09554758854210377,0.6093147248029709
933,933,2.8453423976898193,2.816727876663208,2e-06,3.0456624450634924,0.016878747381269932,0.05222954539931379,0.09564534039236605,0.6065628379583359
934,934,2.7965900897979736,2.812708616256714,2e-06,3.048479535194443,0.016881030052900314,0.05349940533051267,0.09562035999260843,0.6176868081092834
935,935,2.8315305709838867,2.8390979766845703,2e-06,3.052295768349076,0.016898466739803553,0.05219124397262931,0.09553851943928748,0.6054229289293289
936,936,2.7659895420074463,2.7643115520477295,2e-06,3.054336760326769,0.016863849945366383,0.05171145248459652,0.09537779644597322,0.5999952405691147
937,937,2.7863335609436035,2.8654725551605225,2e-06,3.0553136568478783,0.0168843655847013,0.052969755517551675,0.09538507042452693,0.6075214892625809
938,938,2.798793315887451,2.8526315689086914,2e-06,3.0562441926172927,0.01689397729933262,0.05251240194775164,0.0953913398552686,0.6047882735729218
939,939,2.811533212661743,2.8010830879211426,2e-06,3.0584304659491797,0.016862911637872458,0.051718809438170865,0.095379275851883,0.6001570969820023
940,940,2.882061243057251,2.778721332550049,2e-06,3.060234650220335,0.016855386085808277,0.052343822113471106,0.09542359481565654,0.6059967130422592
941,941,2.8055505752563477,2.8209025859832764,2e-06,3.061758381462613,0.016873791813850403,0.05157988241990097,0.0954212297219783,0.6030738651752472
942,942,2.8339686393737793,2.8505773544311523,2e-06,3.0608662032367167,0.01686796499416232,0.05219452310120687,0.09545482508838177,0.610121488571167
943,943,2.8516337871551514,2.7961833477020264,2e-06,3.0579120689174433,0.016851507127285004,0.05248246414703317,0.09550733759533614,0.611906960606575
944,944,2.804814577102661,2.8529114723205566,2e-06,3.0573730206594845,0.016888718586415052,0.05197636460070498,0.09558161662425846,0.6133916825056076
945,945,2.8190083503723145,2.7998359203338623,2e-06,3.058146939002015,0.016886147670447826,0.05297898393473588,0.09552855079527944,0.6170327812433243
946,946,2.8010847568511963,2.7890167236328125,2e-06,3.059076086448015,0.016875525005161762,0.052998414379544556,0.09555329114664346,0.6184851229190826
947,947,2.8467442989349365,2.8093490600585938,2e-06,3.058035773971366,0.016912983264774084,0.053086000378243625,0.09571199456695467,0.6191603988409042
948,948,2.8577351570129395,2.825798988342285,2e-06,3.059443698263771,0.01688317535445094,0.05244164855685085,0.09557955607306212,0.6133795082569122
949,949,2.8589792251586914,2.790653705596924,2e-06,3.0600984164366163,0.016868288163095713,0.05111659914837219,0.0957205182639882,0.6070848405361176
950,950,2.757479667663574,2.7566211223602295,2e-06,3.0618760997483516,0.01688921172171831,0.05132573290029541,0.09554378630127758,0.608500063419342
951,951,2.843552589416504,2.8061437606811523,2e-06,3.0633963174397305,0.016897390130907297,0.05224736704258248,0.09556788287591189,0.6101243495941162
952,952,2.8791375160217285,2.7827720642089844,2e-06,3.0650160066471868,0.016865686047822237,0.05223134288098663,0.09556405653711408,0.6117264777421951
953,953,2.7897980213165283,2.848766565322876,2e-06,3.06598542906124,0.016878684982657433,0.052604320691898465,0.09546347241848707,0.6117471903562546
954,954,2.766615629196167,2.8716015815734863,2e-06,3.066501349828521,0.0168808214366436,0.05232360685477033,0.0953805826138705,0.6100468039512634
955,955,2.8125174045562744,2.845369577407837,2e-06,3.06721144612861,0.016891691368073225,0.05173021455993876,0.09553785319440067,0.6106044054031372
956,956,2.847870111465454,2.794173002243042,2e-06,3.066834037203881,0.016891889739781618,0.052970053628087044,0.09547998488415033,0.6153494864702225
957,957,2.8441507816314697,2.7983903884887695,2e-06,3.066574711975568,0.01688662637025118,0.05398757357033901,0.09557932149618864,0.621806189417839
958,958,2.7885689735412598,2.7432618141174316,2e-06,3.0659743814848595,0.01690728310495615,0.05264628597069532,0.09558902285061777,0.6186427175998688
959,959,2.8013579845428467,2.8119187355041504,2e-06,2.847316681146183,0.016883547883480787,0.05190803491859697,0.09565102099440992,0.6131023466587067
960,960,2.8132898807525635,2.9905025959014893,2e-06,2.869498809443962,0.01689758338034153,0.05241623712936416,0.09559150948189199,0.6177482604980469
961,961,2.790512800216675,2.853911876678467,2e-06,2.88799958674001,0.016868059057742357,0.05235966379404999,0.09553974191658199,0.6140739619731903
962,962,2.8651199340820312,2.810070514678955,2e-06,2.906604710209817,0.01689632423222065,0.05270715735969134,0.09567891922779381,0.6220925748348236
963,963,2.801731824874878,2.8317060470581055,2e-06,2.9223852017781833,0.01689924718812108,0.051779103494482115,0.09564371686428785,0.6117262244224548
964,964,2.7910797595977783,2.7622387409210205,2e-06,2.936410116604443,0.0168975074775517,0.0523689960828051,0.09567068447358906,0.6149826794862747
965,965,2.786066770553589,2.8111660480499268,2e-06,2.9490460329181625,0.016902067232877016,0.05303884076420218,0.09568585630040616,0.6221866756677628
966,966,2.8522820472717285,2.8168604373931885,2e-06,2.9603367432887793,0.01691523054614663,0.053754230291815475,0.09572768746875226,0.6264663487672806
967,967,2.8211464881896973,2.7904913425445557,2e-06,2.9708507820978864,0.016908658668398857,0.052960135391913354,0.09560902102384716,0.6215615272521973
968,968,2.788088083267212,2.8649580478668213,2e-06,2.9798915784745015,0.016904934775084257,0.05312238630722277,0.09567707951646298,0.6188185513019562
969,969,2.8569495677948,2.7955148220062256,2e-06,2.988412965326182,0.016935076098889112,0.05348283497733064,0.09570027142763138,0.6255670338869095
970,970,2.8504111766815186,2.7391271591186523,2e-06,2.995362925131856,0.016919194720685482,0.05322377412812784,0.09574843884911388,0.6245761811733246
971,971,2.7820208072662354,2.8039519786834717,2e-06,2.7850249203596826,0.016883892472833395,0.05173402588116005,0.09559316188097,0.6111621707677841
972,972,2.830310583114624,2.80907940864563,2e-06,2.8131647927220995,0.016897862311452627,0.05219126053270884,0.09565765236038715,0.6161784380674362
973,973,2.782252788543701,2.823160171508789,2e-06,2.838646980279442,0.016910053323954344,0.05206369410734624,0.09552152478136122,0.6153705418109894
974,974,2.798185348510742,2.7546935081481934,2e-06,2.8612090620741077,0.016920603346079588,0.0532169918587897,0.0957389009417966,0.6247575283050537
975,975,2.7986202239990234,2.8055906295776367,2e-06,2.8831498274222134,0.016902765724807978,0.05199689217261039,0.0956381302094087,0.6134747713804245
976,976,2.8464365005493164,2.787598133087158,2e-06,2.9017384791241745,0.016899655107408762,0.05271303377230652,0.09553873841650784,0.6189798563718796
977,977,2.7991325855255127,2.8235957622528076,2e-06,2.918127214249417,0.016907160636037588,0.05267793280654587,0.09570667764637619,0.6236779540777206
978,978,2.8459081649780273,2.8640894889831543,2e-06,2.9316893420410404,0.016895348206162453,0.05260673392331228,0.09567331662401557,0.6211990863084793
979,979,2.824768543243408,2.8141942024230957,2e-06,2.9442484584623037,0.016893547493964434,0.052325062337331474,0.09567851072642952,0.618424728512764
980,980,2.82684063911438,2.7692718505859375,2e-06,2.956459214271793,0.016920833382755518,0.05293680095928721,0.09577151492703706,0.6298488080501556
981,981,2.8258533477783203,2.817570686340332,2e-06,2.967194156524581,0.01691577397286892,0.054037165973568335,0.09579880174715072,0.6351571679115295
982,982,2.8042430877685547,2.8281362056732178,2e-06,2.9767226604302564,0.016914180479943752,0.05327638948801905,0.09572513506282121,0.6305142939090729
983,983,2.784505844116211,2.777769088745117,2e-06,2.985525806305142,0.016895414795726538,0.05240016491734423,0.09572410897817463,0.6246363073587418
984,984,2.7860469818115234,2.850658893585205,2e-06,2.993254876469207,0.016904886811971664,0.053394223388750106,0.09562375349923968,0.6277520209550858
985,985,2.843202590942383,2.8511033058166504,2e-06,3.0001267254542108,0.016906115226447582,0.05213509453460574,0.0956310925539583,0.615847647190094
986,986,2.817064046859741,2.781545400619507,2e-06,3.006767238315925,0.016913618426769972,0.05135353954392485,0.0956626390106976,0.6108484715223312
987,987,2.8059120178222656,2.7566773891448975,2e-06,3.013692823807151,0.016901079565286636,0.051808506046654657,0.0955640256870538,0.6091466993093491
988,988,2.8085575103759766,2.7421669960021973,2e-06,3.0187165580402544,0.01691600587219,0.05197463440708816,0.0954947026912123,0.611595407128334
989,989,2.787504196166992,2.7925379276275635,2e-06,3.023051005378183,0.016905109863728285,0.05220712165464647,0.09569815639406443,0.6169254779815674
990,990,2.839686632156372,2.755873441696167,2e-06,3.027260503840275,0.01691771997138858,0.05143751829746179,0.09550370404031128,0.6115340888500214
991,991,2.784762382507324,2.771923065185547,2e-06,3.0311234003163245,0.016928440891206264,0.05190550634870306,0.09562565619125962,0.6164172738790512
992,992,2.827000379562378,2.828655242919922,2e-06,3.0352836662997578,0.016914932522922754,0.052545699320035055,0.09569540154188871,0.622369185090065
993,993,2.8065133094787598,2.7872791290283203,2e-06,3.0383631771989488,0.016914595384150743,0.052641383168520406,0.09571089805103838,0.6216844618320465
994,994,2.8559045791625977,2.789602518081665,2e-06,3.0409603928363764,0.01692832261323929,0.052059912064578384,0.09593051997944713,0.6239748299121857
995,995,2.8063952922821045,2.8239171504974365,2e-06,3.043169620634351,0.016930393408983946,0.05312969590886496,0.09588207281194627,0.6328487694263458
996,996,2.8006269931793213,2.755190134048462,2e-06,3.046535291410064,0.01690587680786848,0.05179417008184828,0.09577916143462062,0.6201321184635162
997,997,2.881720781326294,2.8229246139526367,2e-06,3.048299762941566,0.016911617014557123,0.05200170609168708,0.09595941903535277,0.6263788193464279
998,998,2.7965381145477295,2.795788526535034,2e-06,3.0497028668151343,0.016910953912883997,0.05367854281212203,0.09576940524857491,0.632374182343483
999,999,2.760744094848633,2.763394594192505,2e-06,3.0509966897579672,0.016935824882239103,0.053387178981211036,0.09578348742797971,0.6332637965679169
1000,1000,2.814103364944458,2.7925422191619873,2e-06,3.0523406849997516,0.016916963271796703,0.05402435048017651,0.09585962758865207,0.6351626217365265
1001,1001,2.8560867309570312,2.826453685760498,2e-06,3.054904362042121,0.01692927908152342,0.053010392788564786,0.09580925572663546,0.6304220259189606
1002,1002,2.7660508155822754,2.799696683883667,2e-06,3.0557475372717615,0.016910755541175604,0.05207545409211889,0.09579972724895924,0.6224675923585892
1003,1003,2.829239845275879,2.881584882736206,2e-06,3.057388358099743,0.016930171754211187,0.05292439227923751,0.09583431866485626,0.6275376081466675
1004,1004,2.8020050525665283,2.8991849422454834,2e-06,3.0585606087781763,0.016904912889003754,0.053446519683348015,0.09582754503935575,0.628647118806839
1005,1005,2.826775074005127,2.7612009048461914,2e-06,3.0606127190492805,0.016925265081226826,0.05246873892610893,0.09581766289193183,0.6248446702957153
1006,1006,2.8151779174804688,2.8043177127838135,2e-06,3.060930285429074,0.016899121925234795,0.05190190055873245,0.09578668547328562,0.6191416531801224
1007,1007,2.831702947616577,2.8400754928588867,2e-06,3.061924588029574,0.016935559455305338,0.05237909115385264,0.09589933801908046,0.626424252986908
1008,1008,2.823551893234253,2.769941568374634,2e-06,3.0621913287310165,0.016929504927247763,0.051773113664239645,0.09578199195675552,0.6193106025457382
1009,1009,2.8472633361816406,2.846893072128296,2e-06,3.0621749272058376,0.016899554058909416,0.05188470517168753,0.09575848164968193,0.6196336150169373
1010,1010,2.7892298698425293,2.8155620098114014,2e-06,3.0623092700586523,0.016929319128394127,0.05332765696221031,0.09576127340551466,0.6302531659603119
1011,1011,2.856411933898926,2.8768398761749268,2e-06,3.0625584839144286,0.016900651156902313,0.05240068494458683,0.09571523452177644,0.6236200481653214
1012,1012,2.822455406188965,2.8271825313568115,2e-06,3.062211631714788,0.016927425749599934,0.05119113903492689,0.09588528040330857,0.6196473985910416
1013,1013,2.759195327758789,2.7681705951690674,2e-06,3.0619492791533705,0.01692174607887864,0.05212101724464446,0.0956987066892907,0.6193290948867798
1014,1014,2.8022801876068115,2.803086519241333,2e-06,3.062144667116567,0.016925789415836334,0.05187814580858685,0.09577353287022561,0.6209972500801086
1015,1015,2.8311572074890137,2.842425584793091,2e-06,3.062879907828555,0.016910383477807045,0.05088352583697997,0.09581195272039622,0.6142302453517914
1016,1016,2.7977163791656494,2.7800447940826416,2e-06,3.0624585164467835,0.016934821382164955,0.05294777001836337,0.09583357337396592,0.6267734467983246
1017,1017,2.832698106765747,2.8415589332580566,2e-06,3.0613536155826413,0.016925976611673832,0.052851514890789986,0.0958868257002905,0.6259164661169052
1018,1018,2.868903875350952,2.8409574031829834,2e-06,3.0627593278345833,0.016925612930208445,0.052694294456159696,0.0959080948960036,0.6280617713928223
1019,1019,2.783796548843384,2.842651844024658,2e-06,3.0627846133677403,0.016920707654207945,0.05256924859713763,0.0957711610244587,0.6266613453626633
1020,1020,2.8361589908599854,2.844433546066284,2e-06,3.064281413177953,0.01695459894835949,0.05329184446600266,0.09599320462439209,0.6327818781137466
1021,1021,2.7873294353485107,2.888770580291748,2e-06,3.064368546587292,0.016945568844676018,0.05191848921822384,0.09591734153218567,0.6246630400419235
1022,1022,2.785184383392334,2.7817142009735107,2e-06,3.065704227917511,0.016942267306149006,0.052004335972014815,0.0958322441438213,0.6271535605192184
1023,1023,2.745919704437256,2.8309261798858643,2e-06,3.066859339733673,0.016961056739091873,0.05338914575986564,0.09578338137362152,0.6321636885404587
1024,1024,2.803884983062744,2.7112860679626465,2e-06,3.067790687473187,0.01695895753800869,0.05412392635480501,0.09590568975545466,0.638555496931076
1025,1025,2.778547763824463,2.8115391731262207,2e-06,2.840837103074617,0.01695544458925724,0.052194768883055076,0.09596539789345115,0.6321480572223663
1026,1026,2.807767629623413,2.771439790725708,2e-06,2.8616193519768904,0.0169452503323555,0.05201407597633079,0.0960061689838767,0.6281989067792892
1027,1027,2.7754065990448,2.7935822010040283,2e-06,2.882063942040191,0.016946218442171812,0.05424005098757334,0.09601387800648808,0.6438184231519699
1028,1028,2.7930872440338135,2.8105225563049316,2e-06,2.9016948193687906,0.016943753231316805,0.053497066954150796,0.09593938081525266,0.6348659843206406
1029,1029,2.8937788009643555,2.8758041858673096,2e-06,2.917779328064279,0.01696291845291853,0.05294503236655146,0.09606184053700417,0.6381255239248276
1030,1030,2.801481008529663,2.827972888946533,2e-06,2.9322877690184996,0.016942402347922325,0.05064657601178624,0.0959681406384334,0.6203977018594742
1031,1031,2.874596357345581,2.8822031021118164,2e-06,2.94567295500023,0.016945693641901016,0.0517990856023971,0.09588201506994665,0.62455053627491
1032,1032,2.831386089324951,2.792842388153076,2e-06,2.9586426518097655,0.01695225713774562,0.052829615568043664,0.09594145184382796,0.6316516846418381
1033,1033,2.832881450653076,2.838811159133911,2e-06,2.969062736243286,0.016939517576247454,0.051770845719147474,0.09606090001761913,0.6265412271022797
1034,1034,2.787841320037842,2.8593313694000244,2e-06,2.9787697493401186,0.016938555985689163,0.051404504192760214,0.09580553614068776,0.6207932084798813
1035,1035,2.7928879261016846,2.867630958557129,2e-06,2.986929705139674,0.016940345987677574,0.051415342080872506,0.09579729603137821,0.6215406358242035
1036,1036,2.8601107597351074,2.7767481803894043,2e-06,2.9947087688160146,0.016945935785770416,0.05123514629667625,0.09583522833418101,0.6198189854621887
1037,1037,2.8423428535461426,2.813180923461914,2e-06,3.0015276393314347,0.01695040473714471,0.05278978205751628,0.09590213536284864,0.6332781761884689
1038,1038,2.76167368888855,2.82916522026062,2e-06,3.009168532624404,0.016962180845439434,0.052025678887730464,0.09591998951509595,0.6309167295694351
1039,1039,2.793766975402832,2.807096004486084,2e-06,3.0145859657252823,0.01694436790421605,0.052939023764338344,0.09605407831259072,0.6387112438678741
1040,1040,2.818527936935425,2.7911789417266846,2e-06,3.019465705155326,0.016947179101407528,0.05310583853861317,0.09608640149235725,0.6400178521871567
1041,1041,2.7711126804351807,2.80719256401062,2e-06,3.0257474419318644,0.016950728837400675,0.05302961726556532,0.09611722419504076,0.6389330923557281
1042,1042,2.7640421390533447,2.8171279430389404,2e-06,3.0296393277196807,0.016937784384936094,0.05264455536962487,0.09613318915944546,0.6391938030719757
1043,1043,2.7889060974121094,2.830979824066162,2e-06,3.032509699919043,0.016958740539848804,0.05216436734190211,0.09609080373775214,0.6318394988775253
1044,1044,2.810525894165039,2.798682689666748,2e-06,3.037094638325586,0.01696841698139906,0.052866790181724355,0.09603551076725125,0.6386579424142838
1045,1045,2.8321118354797363,2.8016297817230225,2e-06,3.039651307996013,0.01694002142176032,0.05271596522652544,0.09600897575728595,0.6352697759866714
1046,1046,2.7937071323394775,2.8743412494659424,2e-06,3.042166993633356,0.01696006953716278,0.05274680635193363,0.09595102188177407,0.6362635791301727
1047,1047,2.846468448638916,2.7978174686431885,2e-06,3.0456540360083024,0.016937640495598316,0.05309818187379278,0.09596709359902889,0.6326517164707184
1048,1048,2.7762274742126465,2.8347525596618652,2e-06,3.0473905255108207,0.016945749521255493,0.05189687461825088,0.09593419136945158,0.6279546618461609
1049,1049,2.804879903793335,2.8679592609405518,2e-06,3.049026260534304,0.01695401268079877,0.05172895442228764,0.09598460223060101,0.6299239248037338
1050,1050,2.8100645542144775,2.7799179553985596,2e-06,3.050263663992638,0.016942236572504044,0.052526212559314445,0.09592925361357629,0.6302063018083572
1051,1051,2.7839770317077637,2.781480550765991,2e-06,3.051895893791284,0.01693120552226901,0.05100083295837976,0.09590275771915913,0.6199741363525391
1052,1052,2.8079326152801514,2.8206980228424072,2e-06,3.052774898622087,0.01697360910475254,0.05314702179748565,0.09590694855432957,0.6370446681976318
1053,1053,2.8340353965759277,2.793166399002075,2e-06,3.054854242783623,0.016961530316621065,0.05219996033702046,0.09614963887725025,0.6363368928432465
1054,1054,2.758342742919922,2.809019088745117,2e-06,3.0562866798933728,0.016953291837126017,0.051573313190601766,0.09599118679761887,0.6348302513360977
1055,1055,2.795457363128662,2.7574117183685303,2e-06,3.0584666601539867,0.016938775312155485,0.05143666954245418,0.09592827071901411,0.6304660439491272
1056,1056,2.7799363136291504,2.8622019290924072,2e-06,3.058952930645949,0.016957934480160475,0.05254874980892055,0.09597660962026566,0.6360304206609726
1057,1057,2.805372476577759,2.8070881366729736,2e-06,3.05962157249961,0.016964635346084833,0.05140280339401215,0.09601184609346092,0.6318127810955048
1058,1058,2.8510565757751465,2.73899507522583,2e-06,3.0606158992781975,0.016957726795226336,0.052463571599218994,0.09589506930205971,0.6358016580343246
1059,1059,2.7935280799865723,2.7680344581604004,2e-06,3.0610222903658393,0.016950201243162155,0.051498335727956146,0.0960181801347062,0.6275641769170761
1060,1060,2.809976816177368,2.7772960662841797,2e-06,3.061013586715294,0.016964789014309645,0.05220686548273079,0.09603621275164187,0.6363424956798553
1061,1061,2.836146354675293,2.763800859451294,2e-06,3.061613440892519,0.01697588711977005,0.052156188554363325,0.09606362599879503,0.6372440755367279
1062,1062,2.7691948413848877,2.790424346923828,2e-06,3.06225144061311,0.016948910430073738,0.051194833853514865,0.09603447013068944,0.6311440616846085
1063,1063,2.753220796585083,2.720874547958374,2e-06,3.0627850268316488,0.016984942369163036,0.05322073760908097,0.09611927496735007,0.6430425941944122
1064,1064,2.7975547313690186,2.830193042755127,2e-06,3.0627881749430625,0.016953864134848118,0.052045695920242,0.09609308070503175,0.6385843604803085
1065,1065,2.771230697631836,2.7748990058898926,2e-06,3.0629320852934248,0.016984766349196434,0.0526993403036613,0.09611689404118806,0.6466602385044098
1066,1066,2.7882211208343506,2.8158717155456543,2e-06,3.062847677394727,0.01697903173044324,0.05294563068309799,0.09612338442821056,0.6472158581018448
1067,1067,2.8310775756835938,2.769854784011841,2e-06,3.0630896722010585,0.016943019349128008,0.051226287498138845,0.09619288693647832,0.6359571069478989
1068,1068,2.787307024002075,2.779027223587036,2e-06,3.061836629749318,0.01695450395345688,0.05350835676654242,0.0961531731300056,0.6542100161314011
1069,1069,2.7847228050231934,2.7539143562316895,2e-06,3.061615143808654,0.01696266233921051,0.05231679885764606,0.09606256359256804,0.642021119594574
1070,1070,2.8323934078216553,2.8116843700408936,2e-06,3.0615774819888513,0.016988052055239677,0.052416128368349746,0.09614964213687927,0.6432184278964996
1071,1071,2.8000667095184326,2.8027567863464355,2e-06,3.0605894836470826,0.01696216082200408,0.052209426707122475,0.09610270988196135,0.6361893862485886
1072,1072,2.7908997535705566,2.8277535438537598,2e-06,3.0617372854318514,0.016966599505394697,0.053170785889960825,0.09598774672485888,0.6420011818408966
1073,1073,2.892519950866699,2.7818260192871094,2e-06,3.0620024932881007,0.01697941916063428,0.05161936199874617,0.09620787750463933,0.6371025741100311
1074,1074,2.7573788166046143,2.7913694381713867,2e-06,3.0626002338115406,0.01697022607550025,0.05234124980052002,0.09597573161590844,0.6344255357980728
1075,1075,2.7388436794281006,2.788632392883301,2e-06,3.061905660123807,0.016979120671749115,0.05144421072327532,0.0961123420856893,0.6303985863924026
1076,1076,2.8275609016418457,2.767195701599121,2e-06,3.0627332589979073,0.016990563366562128,0.052123549685347825,0.0960671448847279,0.6366111934185028
1077,1077,2.8130125999450684,2.8121161460876465,2e-06,3.06282999497954,0.016972679179161787,0.052051790233235806,0.09606886433903128,0.6360613107681274
1078,1078,2.7719154357910156,2.7667346000671387,2e-06,3.063856954996457,0.01695736637338996,0.05092310736654326,0.09611445898190141,0.629649817943573
1079,1079,2.8536555767059326,2.764543056488037,2e-06,3.0634031413798564,0.016973785124719143,0.05174171243561432,0.09613882191479206,0.6382433325052261
1080,1080,2.8128714561462402,2.8006012439727783,2e-06,3.0636815233458887,0.016983579378575087,0.05277839498012327,0.09617260750383139,0.6461012214422226
1081,1081,2.7598369121551514,2.7722949981689453,2e-06,3.0642657890410003,0.016980054788291454,0.05125363223487511,0.09617351461201906,0.6354013383388519
1082,1082,2.7812013626098633,2.7779197692871094,2e-06,3.064568840667358,0.016977671533823013,0.05277699150610715,0.09613118681591004,0.6423216015100479
1083,1083,2.801785945892334,2.7932636737823486,2e-06,3.064930257071652,0.01698480360209942,0.05267202915274538,0.09617277991492301,0.6449416279792786
1084,1084,2.7824227809906006,2.769902467727661,2e-06,3.066103523819071,0.016994583886116743,0.053332737734308466,0.09622380300424993,0.6484205722808838
1085,1085,2.810302972793579,2.835963726043701,2e-06,3.0665859287030326,0.016995650250464678,0.053270886215614155,0.09622640674933791,0.6498739421367645
1086,1086,2.839519739151001,2.827188730239868,2e-06,3.0661401827855244,0.01699781510978937,0.05277602971182205,0.09621219872497022,0.6453616470098495
1087,1087,2.7517647743225098,2.7025818824768066,2e-06,3.065312040618229,0.01698401477187872,0.05204964312724769,0.09617094707209617,0.6379199624061584
1088,1088,2.8076322078704834,2.774165153503418,2e-06,2.8464638012726744,0.016972134821116924,0.05353797282441519,0.09626807342283428,0.6480201184749603
1089,1089,2.748051881790161,2.911780834197998,2e-06,2.868338101797594,0.016977353487163782,0.05221155550680123,0.0961444730637595,0.6370596438646317
1090,1090,2.7360501289367676,2.6918890476226807,2e-06,2.887877053877488,0.016990043688565493,0.05232601519674063,0.09607568639330566,0.6410009562969208
1091,1091,2.7638533115386963,2.7548587322235107,2e-06,2.687691308692788,0.016986862290650606,0.052015327382832766,0.09601085796020925,0.6372944712638855
1092,1092,2.799396514892578,2.8149540424346924,2e-06,2.7249106155092564,0.016978587955236435,0.05192441199324094,0.09604232292622328,0.6345198303461075
1093,1093,2.7885329723358154,2.7801601886749268,2e-06,2.759124149588309,0.016994495410472155,0.05145240228739567,0.0960728581994772,0.6344068348407745
1094,1094,2.7273569107055664,2.8147122859954834,2e-06,2.7893868200670724,0.016997790429741144,0.05149403010727838,0.09613481210544705,0.6374298334121704
1095,1095,2.7388415336608887,2.8131818771362305,2e-06,2.8158203044612424,0.0169713175855577,0.052177063771523535,0.09610276366584003,0.641049712896347
1096,1096,2.7556231021881104,2.816704273223877,2e-06,2.8407900424372237,0.01699570333585143,0.05230901628965512,0.09607658174354583,0.64078688621521
1097,1097,2.7974846363067627,2.7791972160339355,2e-06,2.864067192774419,0.016987201757729053,0.05200819281162694,0.09616448823362589,0.6381917297840118
1098,1098,2.760873556137085,2.8056106567382812,2e-06,2.883963041390032,0.016982730943709612,0.05167295798310079,0.09626822068821639,0.6414570808410645
1099,1099,2.7662081718444824,2.7885243892669678,2e-06,2.9020374203711423,0.017001418862491846,0.05296211244422011,0.0962475857231766,0.6497195661067963
1100,1100,2.7710471153259277,2.7793097496032715,2e-06,2.918070130964202,0.0169801851734519,0.05245227171690203,0.09623587899841368,0.6422507911920547
1101,1101,2.8302600383758545,2.7650089263916016,2e-06,2.932827728730807,0.016987254843115807,0.05169300173292868,0.09634280600585043,0.6428959518671036
1102,1102,2.7773571014404297,2.74429988861084,2e-06,2.9470132591634495,0.01698822621256113,0.052724617649801075,0.09622837172355503,0.646507740020752
1103,1103,2.8307628631591797,2.7901813983917236,2e-06,2.9587144028093784,0.016979397274553776,0.051779729896225035,0.09625928476452827,0.6427652686834335
1104,1104,2.768244743347168,2.8037796020507812,2e-06,2.969373779804075,0.016996150370687246,0.05259235526318662,0.09622668067459017,0.6473386436700821
1105,1105,2.7911837100982666,2.789454698562622,2e-06,2.978718727318767,0.016996437218040228,0.052309330872958526,0.09621635312214494,0.649082362651825
1106,1106,2.814091920852661,2.8142752647399902,2e-06,2.987218941747523,0.016991363372653723,0.051670252869371325,0.09620144974905998,0.6427300125360489
1107,1107,2.748133897781372,2.7774085998535156,2e-06,2.9956990463291615,0.016999380197376013,0.05247208778746426,0.09609643369913101,0.6458058506250381
1108,1108,2.7780940532684326,2.829479455947876,2e-06,3.002319735200481,0.016997935250401497,0.05196940727182664,0.09614797832909971,0.6452891528606415
1109,1109,2.7602579593658447,2.751922607421875,2e-06,3.008542908349461,0.016989028546959162,0.0509080599877052,0.09619954670779407,0.634750559926033
1110,1110,2.7756545543670654,2.926374912261963,2e-06,3.0138353879270214,0.01698163477703929,0.05072153508081101,0.0961753164883703,0.636577308177948
1111,1111,2.779080390930176,2.825191020965576,2e-06,3.0188360885325385,0.016986375208944082,0.05160730145871639,0.09614915831480175,0.6438125222921371
1112,1112,2.78645920753479,2.8205907344818115,2e-06,3.024426222579222,0.01698118168860674,0.052267827617470175,0.09617275383789092,0.6440913677215576
1113,1113,2.8231678009033203,2.7692344188690186,2e-06,3.0283354358946983,0.017004433553665876,0.05221132544102147,0.09624470071867108,0.6479155421257019
1114,1114,2.79679799079895,2.808209180831909,2e-06,3.0318166069214274,0.017007053829729557,0.05277205765014514,0.09637349762488157,0.6509077399969101
1115,1115,2.713911533355713,2.7599661350250244,2e-06,3.0349827318065095,0.01698596077039838,0.05245753505732864,0.09629950963426381,0.6466995775699615
1116,1116,2.7887635231018066,2.7881600856781006,2e-06,3.0383142696412824,0.016986772883683443,0.053520222805673257,0.09624768292997032,0.6517152786254883
1117,1117,2.810124635696411,2.787574529647827,2e-06,3.040043591611609,0.017008592374622822,0.05350313807139173,0.09630931646097451,0.6535992473363876
1118,1118,2.788022518157959,2.825958013534546,2e-06,3.042355971614167,0.017000619787722826,0.05178352718940005,0.09629766922444105,0.646579384803772
1119,1119,2.7682857513427734,2.7941043376922607,2e-06,3.042984996715796,0.017011616844683886,0.052575580892153084,0.09626281284727156,0.6490320265293121
1120,1120,2.814788579940796,2.779836654663086,2e-06,3.0451396173357557,0.016991422045975924,0.052700220490805805,0.09613986918702722,0.646203875541687
1121,1121,2.809027910232544,2.7635490894317627,2e-06,3.04699369223117,0.016996320337057114,0.05135133775183931,0.09616932563949376,0.639418825507164
1122,1122,2.80474591255188,2.855739116668701,2e-06,3.0487075966542503,0.017005518544465303,0.05251273562316783,0.0961736983153969,0.6472210437059402
1123,1123,2.8136744499206543,2.784550428390503,2e-06,3.0499505798238444,0.016992006916552782,0.05220765320700593,0.09619378333445638,0.6493377983570099
1124,1124,2.776705741882324,2.7616195678710938,2e-06,3.051423502856921,0.017008299008011818,0.052711041091242805,0.09625449974555522,0.6538868546485901
1125,1125,2.823025703430176,2.7425873279571533,2e-06,3.0526626913888957,0.01702443417161703,0.053066820109961554,0.0962452245876193,0.65511155128479
1126,1126,2.746999502182007,2.769688367843628,2e-06,3.0544708671210397,0.017001830972731113,0.05231087710126303,0.09633571456652135,0.6524841040372849
1127,1127,2.833984375,2.7567121982574463,2e-06,3.0556641159531996,0.016999247949570417,0.05225904568214901,0.0962529155658558,0.6533342152833939
1128,1128,2.810818672180176,2.6926350593566895,2e-06,3.0570209858811146,0.017012021970003843,0.051793850579997525,0.0962924346094951,0.6519778072834015
1129,1129,2.799898147583008,2.774275779724121,2e-06,3.057641700259857,0.016990508418530226,0.05129578127525747,0.09625567100010812,0.641435444355011
1130,1130,2.727721691131592,2.889441728591919,2e-06,3.0587073412492956,0.01700721215456724,0.0521852167439647,0.09630839969031513,0.6478912532329559
1131,1131,2.7928707599639893,2.7807018756866455,2e-06,3.0608607422266654,0.01700971182435751,0.04999005011632107,0.09632031945511699,0.6387168318033218
1132,1132,2.777594804763794,2.8447821140289307,2e-06,3.0623851439043492,0.017013398930430412,0.05279475651332177,0.09627725661266595,0.6535109579563141
1133,1133,2.7746362686157227,2.823063611984253,2e-06,3.0633954698475794,0.016984720714390278,0.05130491228192113,0.09635810763575137,0.6443701386451721
1134,1134,2.783618927001953,2.9103951454162598,2e-06,3.063250562208031,0.017008375376462936,0.051995995425386354,0.09627692471258342,0.6467601805925369
1135,1135,2.781782865524292,2.848231315612793,2e-06,3.0633617408417897,0.017008631490170956,0.05272553232498467,0.09631277550943196,0.651374489068985
1136,1136,2.831813097000122,2.7631895542144775,2e-06,3.064142743947719,0.017028025817126036,0.05184807381010614,0.0964220343157649,0.6533605754375458
1137,1137,2.8168747425079346,2.786916494369507,2e-06,3.0640485830220046,0.017015529330819845,0.05276345481979661,0.09636314760427922,0.655245766043663
1138,1138,2.753596544265747,2.836066961288452,2e-06,3.064060374798484,0.017012751195579767,0.05262212542584166,0.09640557935927063,0.660930261015892
1139,1139,2.7975332736968994,2.761070966720581,2e-06,3.064002797887786,0.01701213838532567,0.05333396085188724,0.09638145414646715,0.6584005653858185
1140,1140,2.7991719245910645,2.7872042655944824,2e-06,3.063832225878562,0.017007673159241676,0.05077581253135577,0.0965346546145156,0.6476192623376846
1141,1141,2.770097255706787,2.78531551361084,2e-06,3.06334050096997,0.016997606959193945,0.05218354592216201,0.09649740846361965,0.653386652469635
1142,1142,2.7831132411956787,2.758781909942627,2e-06,3.065062662012189,0.01700963592156768,0.05183650282560848,0.09655309445224702,0.6533398479223251
1143,1143,2.7314326763153076,2.7876336574554443,2e-06,3.066638545651766,0.01700926013290882,0.05240870776469819,0.09628966310992837,0.6500750780105591
1144,1144,2.7445075511932373,2.8321211338043213,2e-06,3.0670328601067003,0.017016436904668808,0.05219182971632108,0.09627872204873711,0.6475997865200043
1145,1145,2.8450443744659424,2.8049542903900146,2e-06,3.066658461106893,0.017007260117679834,0.05151437272434123,0.09629366989247501,0.6468344032764435
1146,1146,2.745232105255127,2.7211856842041016,2e-06,3.0655103922681843,0.01701680477708578,0.05125329617294483,0.09630168881267309,0.6446869075298309
1147,1147,2.822802782058716,2.8039236068725586,2e-06,3.064585925765614,0.0170206381008029,0.051736125198658556,0.09625541162677109,0.6490086019039154
1148,1148,2.7569591999053955,2.7564141750335693,2e-06,3.0645608665463753,0.017028827220201492,0.05152026395080611,0.09629518783185631,0.6494837403297424
1149,1149,2.751312494277954,2.7822837829589844,2e-06,3.066297559535996,0.017008270602673292,0.050899393536383286,0.09637568739708513,0.6468850672245026
1150,1150,2.737372398376465,2.8113441467285156,2e-06,3.065912350425516,0.017030321527272463,0.05234569785534404,0.09638603392522782,0.6583128571510315
1151,1151,2.776829481124878,2.8102829456329346,2e-06,3.0658140926846826,0.01701113535091281,0.05202910155639984,0.09633468382526189,0.6557668894529343
1152,1152,2.743746042251587,2.787571430206299,2e-06,3.0665412844628843,0.017032719682902098,0.05186134818359278,0.09635609434917569,0.6532077491283417
1153,1153,2.7923054695129395,2.7630538940429688,2e-06,3.0680963320190062,0.017021236941218376,0.05296815777546726,0.09646489936858416,0.6623120009899139
1154,1154,2.75199556350708,2.7939674854278564,2e-06,3.0676884931494315,0.01702887238934636,0.05196175255696289,0.09645857964642346,0.6585856527090073
1155,1155,2.8146486282348633,2.7710413932800293,2e-06,3.068885786043608,0.01700795441865921,0.052108021249296144,0.09633518429473042,0.6538512259721756
1156,1156,2.7557077407836914,2.7963781356811523,2e-06,3.0677709787318626,0.017029557842761278,0.05241827553254552,0.096400897949934,0.661213219165802
1157,1157,2.796060085296631,2.7722818851470947,2e-06,3.0675341595877614,0.01703432109206915,0.0524409688077867,0.09634274826385081,0.6594692319631577
1158,1158,2.809602737426758,2.8154239654541016,2e-06,3.068811702860559,0.017022767569869757,0.05228901721420698,0.09631016757339239,0.6536747515201569
1159,1159,2.7460060119628906,2.8006932735443115,2e-06,3.0682972190500792,0.017015022691339254,0.05092953803250566,0.09648762724827975,0.6491944491863251
1160,1160,2.7627053260803223,2.7440006732940674,2e-06,3.0678611889501504,0.017019415739923716,0.05141392262885347,0.09645530954003334,0.651690274477005
1161,1161,2.7631146907806396,2.821990489959717,2e-06,3.067347950013439,0.017026931047439575,0.05136938442592509,0.09638925769831985,0.649794802069664
1162,1162,2.785083293914795,2.773303747177124,2e-06,3.068185523926793,0.017012943513691425,0.05146495602093637,0.09649772313423455,0.651836633682251
1163,1163,2.8190248012542725,2.781794786453247,2e-06,3.0693856475506918,0.017037025652825832,0.050937153078848496,0.09639465471263975,0.6477467864751816
1164,1164,2.7045369148254395,2.872420310974121,2e-06,3.068784068906547,0.01702080899849534,0.05254060949664563,0.09640089608728886,0.6565030515193939
1165,1165,2.8188822269439697,2.838160753250122,2e-06,3.068624466141916,0.017018037848174572,0.05116399022517726,0.09634307585656643,0.6515234112739563
1166,1166,2.7906365394592285,2.7843077182769775,2e-06,3.068985061283663,0.017027628608047962,0.05249940388603136,0.0963470907881856,0.6596066355705261
1167,1167,2.8067538738250732,2.8067920207977295,2e-06,3.0700383730722685,0.017024553380906582,0.05138388343038969,0.09636877127923071,0.6544200778007507
1168,1168,2.756554365158081,2.8235743045806885,2e-06,3.0695437290544128,0.017034321557730436,0.051519990782253444,0.09649692988023162,0.6582258194684982
1169,1169,2.792377471923828,2.7745916843414307,2e-06,3.068916218451733,0.0170460008084774,0.052541024080710486,0.0964312533615157,0.6627033650875092
1170,1170,2.758392810821533,2.7691965103149414,2e-06,3.0677465969916904,0.01702999183908105,0.05200560748926364,0.0964318661717698,0.6588298678398132
1171,1171,2.782015800476074,2.9411771297454834,2e-06,3.0676535314815925,0.01704085571691394,0.0523882057168521,0.09645309357438236,0.6581108719110489
1172,1172,2.774097204208374,2.831416368484497,2e-06,3.0685265599791234,0.017020339146256447,0.05207983517902903,0.0965378968976438,0.6626395136117935
1173,1173,2.730074405670166,2.8774635791778564,2e-06,3.0681364809303084,0.017019682098180056,0.051464006333844736,0.0965935222338885,0.6583763808012009
1174,1174,2.799386739730835,2.7583320140838623,2e-06,3.0674588179510818,0.017037142999470234,0.052904607087839395,0.0964778563939035,0.6623660773038864
1175,1175,2.72149395942688,2.752387762069702,2e-06,3.0669237599343266,0.017035829834640026,0.049932097288547084,0.09657866309862584,0.6499075442552567
1176,1176,2.796323537826538,2.761990547180176,2e-06,3.0668487276813035,0.01702823769301176,0.05158834109897725,0.09641965723130852,0.6560918241739273
1177,1177,2.7439918518066406,2.759044647216797,2e-06,3.066618326120061,0.017040595412254333,0.052308266604086384,0.09621977957431227,0.6516688615083694
1178,1178,2.749030590057373,2.7360448837280273,2e-06,3.0674676388290654,0.017034809105098248,0.05049847092595883,0.0963798527373001,0.6502783298492432
1179,1179,2.7576615810394287,2.7938361167907715,2e-06,3.06721317661896,0.017060357611626387,0.05159314759657718,0.09645707439631224,0.6561307013034821
1180,1180,2.8393256664276123,2.764704942703247,2e-06,3.065921716285408,0.017024945467710495,0.05109828498098068,0.09640180761925876,0.6491817981004715
1181,1181,2.733313798904419,2.805690050125122,2e-06,3.0667339471445163,0.017044486477971077,0.05176668785861693,0.09645534900482744,0.6594117134809494
1182,1182,2.7867798805236816,2.769988536834717,2e-06,3.066278794645411,0.01704847766086459,0.05181631457526237,0.0965390355559066,0.6642871499061584
1183,1183,2.796593427658081,2.719575881958008,2e-06,3.066285840578729,0.017036119010299444,0.051931658294051886,0.09649915562476963,0.6586773842573166
1184,1184,2.7955236434936523,2.826993465423584,2e-06,3.065999642269752,0.017068448942154646,0.05271613103104755,0.09647671924903989,0.6669842898845673
1185,1185,2.767002582550049,2.752209424972534,2e-06,3.065580157412328,0.01703447801992297,0.051837772654835135,0.09655895107425749,0.6589975208044052
1186,1186,2.758297920227051,2.8036556243896484,2e-06,3.06650812436176,0.017039780039340258,0.05228680183063261,0.09644889726769179,0.665563553571701
1187,1187,2.775418996810913,2.7864367961883545,2e-06,3.0663077304221584,0.01703812461346388,0.052636836015153676,0.09656882612034678,0.666497990489006
1188,1188,2.727090835571289,2.823669910430908,2e-06,3.0660787517122685,0.017026721034199,0.05162259787903167,0.0965491688111797,0.6634019911289215
1189,1189,2.754884958267212,2.7459356784820557,2e-06,3.0659381820377845,0.017040518578141928,0.05071929030236788,0.09656933834776282,0.6547189652919769
1190,1190,2.696955680847168,2.746962308883667,2e-06,3.0664690034422986,0.017053157556802034,0.05236823853920214,0.09648348030168563,0.6650001704692841
1191,1191,2.7497379779815674,2.727792978286743,2e-06,3.0661698886752937,0.01705825235694647,0.052815456670941785,0.09652040852233768,0.666610836982727
1192,1192,2.7604222297668457,2.7920472621917725,2e-06,3.065785305491913,0.017045226879417896,0.05219812138238922,0.0965167343383655,0.6628453433513641
1193,1193,2.787926197052002,2.8283307552337646,2e-06,3.0655572605054977,0.017074681352823973,0.05231751437531784,0.09641522378660738,0.66825170814991
1194,1194,2.7685680389404297,2.8621604442596436,2e-06,3.0643086570041493,0.017045842949301004,0.05232728170813061,0.09642042266204953,0.6596531122922897
1195,1195,2.7717819213867188,2.7308151721954346,2e-06,3.0646899983067697,0.017056715209037066,0.05174515504040755,0.09648511186242104,0.660575658082962
1196,1196,2.771956443786621,2.7827396392822266,2e-06,3.0646133399016255,0.017042847350239754,0.05120195244671777,0.09634942177217454,0.6530646532773972
1197,1197,2.765282154083252,2.79264235496521,2e-06,3.0641377499895968,0.017058417201042175,0.05206320743309334,0.09634741232730448,0.6592975109815598
1198,1198,2.770310878753662,2.7459049224853516,2e-06,3.0610707426506996,0.017057927325367928,0.051611335220513865,0.09645188867580146,0.6582985818386078
1199,1199,2.744213104248047,2.8432164192199707,2e-06,3.0571375915523227,0.017046048305928707,0.05106141502619721,0.09641620691400021,0.6525251120328903
1200,1200,2.73358154296875,2.7952210903167725,2e-06,3.0555735348332442,0.017045357264578342,0.050798859214410186,0.09647628047969192,0.6544714123010635
1201,1201,2.7575595378875732,2.757814884185791,2e-06,3.056388268510553,0.01705264626070857,0.0508450583438389,0.09657561418134719,0.6569724231958389
1202,1202,2.741675853729248,2.722341299057007,2e-06,3.0569488012876453,0.01705854292958975,0.05190884676994756,0.09654454025439918,0.6667984277009964
1203,1203,2.765364646911621,2.7790188789367676,2e-06,3.0561178749529785,0.01704330649226904,0.05224002437898889,0.09649379411712289,0.6657074689865112
1204,1204,2.7565383911132812,2.727764844894409,2e-06,3.0557636075534735,0.017070115078240633,0.0518871670064982,0.09657416760455817,0.6668098866939545
1205,1205,2.7257566452026367,2.828522205352783,2e-06,3.053820858110237,0.017064754385501146,0.05219517395016737,0.09659197391010821,0.6675312519073486
1206,1206,2.7742795944213867,2.8114969730377197,2e-06,3.0537586332144238,0.01706056948751211,0.05305945995496586,0.09649744781199843,0.6735706031322479
1207,1207,2.7577130794525146,2.7289633750915527,2e-06,3.0509347811543512,0.017055215314030647,0.05246165831340477,0.09651570674031973,0.6697472035884857
1208,1208,2.7702910900115967,2.744678497314453,2e-06,3.047895093711557,0.017061172053217888,0.05217483374872245,0.09666529588866979,0.6674450784921646
1209,1209,2.7439980506896973,2.7786154747009277,2e-06,3.048541480351366,0.01705715572461486,0.051551827433286235,0.09660693223122507,0.6621508300304413
1210,1210,2.79879093170166,2.8242366313934326,2e-06,3.0499082722341475,0.017073565628379583,0.0520915967063047,0.096556467236951,0.6631247252225876
1211,1211,2.739128828048706,2.757189989089966,2e-06,3.0513584076000813,0.017052171286195517,0.05131555430125445,0.09663752745836973,0.6622663736343384
1212,1212,2.7340645790100098,2.754302978515625,2e-06,3.054228278303551,0.01707370113581419,0.05179883833625354,0.09659828443545848,0.6638199239969254
1213,1213,2.718672513961792,2.8182554244995117,2e-06,3.0552004926697234,0.017059418838471174,0.05128857688396238,0.09653971344232559,0.6613597571849823
1214,1214,2.7642579078674316,2.787416696548462,2e-06,3.0547859051248625,0.017086968757212162,0.0523684331565164,0.09659978502895683,0.6687269061803818
1215,1215,2.758634328842163,2.787029266357422,2e-06,3.0551153853804984,0.0170579357072711,0.05173403877415694,0.09653582249302417,0.6603382080793381
1216,1216,2.736299991607666,2.7877256870269775,2e-06,3.0560637218298323,0.017056965734809637,0.05163883080240339,0.09672451473306865,0.6678609400987625
1217,1217,2.834843158721924,2.7547740936279297,2e-06,3.056842939353198,0.01706965873017907,0.052889173792209476,0.0966099351644516,0.674087405204773
1218,1218,2.8606154918670654,2.7392101287841797,2e-06,3.0589352691619816,0.017052519600838423,0.05154051317367703,0.09662913135252893,0.6610499769449234
1219,1219,2.700892210006714,2.803619384765625,2e-06,3.059359156264623,0.017078538425266743,0.05238405548152514,0.09656073281075805,0.667480394244194
1220,1220,2.756727457046509,2.826141834259033,2e-06,3.05978722684261,0.017058761324733496,0.0504395175667014,0.09652889228891581,0.6545177400112152
1221,1221,2.808210611343384,2.727799892425537,2e-06,3.06027783622018,0.01706506172195077,0.05068120427313261,0.09664741030428559,0.6552040725946426
1222,1222,2.7563607692718506,2.811704158782959,2e-06,3.061629309920552,0.01708733243867755,0.05186720556230284,0.09649259236175567,0.6670823097229004
1223,1223,2.7593331336975098,2.708627939224243,2e-06,3.063474137354118,0.017057044431567192,0.05172444577328861,0.09661332773976028,0.6668372005224228
1224,1224,2.819488763809204,2.8055806159973145,2e-06,3.0648536203834675,0.01708585722371936,0.05183265279629268,0.09650282259099185,0.6663116812705994
1225,1225,2.769477367401123,2.781007766723633,2e-06,3.064789635554289,0.017050841823220253,0.052193474723026156,0.09658202982973307,0.670853391289711
1226,1226,2.767465353012085,2.7508511543273926,2e-06,3.066413985594856,0.017083373852074146,0.0520742732915096,0.09655600902624428,0.673010841012001
1227,1227,2.783419609069824,2.772866725921631,2e-06,3.0659267727815713,0.017081658821552992,0.05109617437119596,0.09655558736994863,0.6695474684238434
1228,1228,2.717815637588501,2.776245594024658,2e-06,3.067161143823998,0.01707195769995451,0.051569397473940626,0.09648473525885493,0.6648460477590561
1229,1229,2.729552745819092,2.838853120803833,2e-06,3.0656040627282217,0.017075547017157078,0.05196652884478681,0.09654871607199311,0.6710581630468369
1230,1230,2.8127381801605225,2.791314125061035,2e-06,3.0661208141360046,0.017069463152438402,0.051287249458255246,0.09666324045974761,0.6636767834424973
1231,1231,2.827103853225708,2.7434403896331787,2e-06,3.066333803997308,0.017051531467586756,0.05106309650000185,0.09658632520586252,0.6580732762813568
1232,1232,2.763441562652588,2.74051833152771,2e-06,3.0673503774031134,0.01705460250377655,0.05257252635783516,0.09656435810029507,0.6698773354291916
1233,1233,2.7663726806640625,2.742281198501587,2e-06,3.0668733778117208,0.01708127884194255,0.051749467180343345,0.09660951455589384,0.6694231778383255
1234,1234,2.7970688343048096,2.778548002243042,2e-06,3.0657165732533156,0.017071111127734184,0.05177144834306091,0.09662820363882929,0.669547513127327
1235,1235,2.8174145221710205,2.813599109649658,2e-06,3.064988639403525,0.017075728625059128,0.05079362017568201,0.09665595949627459,0.6666902303695679
1236,1236,2.7729928493499756,2.840031147003174,2e-06,3.064490334970075,0.01707733003422618,0.05158193514216691,0.09675865969620645,0.670593649148941
1237,1237,2.7892353534698486,2.7650833129882812,2e-06,3.0647932638766293,0.017097758129239082,0.05289974549668841,0.09662047389429063,0.6776799112558365
1238,1238,2.798280715942383,2.745410680770874,2e-06,3.064485651815595,0.017059873323887587,0.051847836177330464,0.09661958820652217,0.6673600524663925
1239,1239,2.745203971862793,2.767503499984741,2e-06,3.065265559309454,0.017090650741010904,0.05200058576883748,0.09661784546915442,0.6714649945497513
1240,1240,2.6996419429779053,2.714266777038574,2e-06,3.065747677288814,0.017083905171602964,0.052385026967385784,0.09661787666846067,0.6771105229854584
