step,iter,train/loss,val/loss,lr,mfu,token_embedding_act_abs_mean,attn_act_abs_mean,mlp_act_abs_mean,lm_head_act_abs_mean
0,0,4.186625957489014,4.20231294631958,0.02,-100.0
1,1,4.240038871765137,4.250241279602051,0.02,-100.0,0.016381185967475176,0.06162339079310186,0.08815555286128074,0.2973639518022537
2,2,3.750023126602173,3.781083106994629,0.02,-100.0,0.023644452914595604,0.17694323661271483,0.26501046190969646,0.4155319258570671
3,3,10.134550094604492,9.563901901245117,0.02,-100.0,0.03901179041713476,2.739286392228678,5.844019760843366,1.7125242054462433
4,4,6.3680739402771,6.498818874359131,0.02,-100.0,0.047285186126828194,10.518795792013407,19.12764836102724,4.158863663673401
5,5,7.408684253692627,7.359222412109375,0.02,-100.0,0.05159157607704401,44.69482418894768,86.79769724607468,5.166987299919128
6,6,7.122474670410156,6.87032413482666,0.02,2.879266465858852,0.055288453586399555,77.04929256439209,156.21901082992554,6.200911283493042
7,7,8.146403312683105,8.077674865722656,0.02,2.8790430438323744,0.06009999196976423,116.99883645772934,237.7443972826004,6.702182292938232
8,8,8.489554405212402,8.568453788757324,0.02,2.8789968330650706,0.06549997068941593,165.75373780727386,333.23151564598083,7.071755051612854
9,9,9.569843292236328,9.602569580078125,0.02,2.8785208411924446,0.07238256372511387,225.48810505867004,448.3463804721832,7.116534471511841
10,10,9.854602813720703,9.826028823852539,0.02,2.878227983940024,0.07808806747198105,297.8888454437256,577.9434146881104,6.609102845191956
11,11,8.201064109802246,8.33050537109375,0.02,2.878095313447032,0.08638498559594154,379.8358006477356,734.8939883708954,6.839787006378174
12,12,7.861433982849121,7.330970287322998,0.02,2.8738898759625298,0.09277048893272877,471.4145107269287,918.9986295700073,7.894977807998657
13,13,7.960608005523682,8.188798904418945,0.02,2.8736194988041515,0.09740385599434376,573.3576054573059,1113.0117917060852,8.239104509353638
14,14,8.556953430175781,8.714139938354492,0.02,2.873725810278052,0.1057090051472187,680.7669837474823,1320.5819067955017,7.370541453361511
15,15,8.29471206665039,8.249327659606934,0.02,2.8741856984007517,0.11196304485201836,799.8715734481812,1568.461259841919,6.625110626220703
16,16,7.696894645690918,7.401174068450928,0.02,2.8745108412404448,0.11995117366313934,931.2356657981873,1864.2328414916992,7.293103456497192
17,17,7.612861633300781,7.775169372558594,0.02,2.87479334669777,0.12470697797834873,1071.081434726715,2205.731099128723,8.1824471950531
18,18,7.271984100341797,7.6551008224487305,0.02,2.874811399863207,0.12784374877810478,1225.6337780952454,2564.2402629852295,8.480206489562988
19,19,7.8019585609436035,7.690895080566406,0.02,2.874972178537853,0.13249095901846886,1391.7690081596375,2943.428508758545,8.547802686691284
20,20,6.9410858154296875,7.031736850738525,0.02,2.8745016990464154,0.13906001299619675,1571.654260635376,3327.4812984466553,8.020641326904297
21,21,6.244516372680664,6.027921199798584,0.02,2.8748083433592373,0.1424669362604618,1759.7991971969604,3754.3965816497803,7.511016368865967
22,22,5.682132244110107,5.708095550537109,0.02,2.875076581278847,0.14605742692947388,1958.4118690490723,4189.612640380859,6.568200588226318
23,23,5.87554931640625,5.961744785308838,0.02,2.874852458024088,0.14833710715174675,2148.1863355636597,4613.861583709717,5.764773488044739
24,24,5.551111221313477,5.5079169273376465,0.02,2.8746281922885606,0.1490810476243496,2352.635552406311,5083.346145629883,5.4520474672317505
25,25,4.793433666229248,5.078518867492676,0.02,2.874516593607739,0.1516985110938549,2594.2212953567505,5615.154281616211,5.291375398635864
26,26,4.370737075805664,4.478676795959473,0.02,2.8743176055411155,0.15577799454331398,2907.965446472168,6238.9970703125,5.082602620124817
27,27,4.424066066741943,5.186905860900879,0.02,2.8747540704640353,0.16203121468424797,3207.771183013916,6922.324947357178,4.749297499656677
28,28,3.97925066947937,4.44790506362915,0.02,2.8749562910751427,0.16562232375144958,3487.910312652588,7600.274143218994,4.182952642440796
29,29,4.453309059143066,4.447319507598877,0.02,2.875097820098845,0.16802391409873962,3828.613826751709,8341.925315856934,3.564136326313019
30,30,4.09346866607666,4.12947416305542,0.02,2.8752061556768287,0.17029771953821182,4194.3413944244385,9052.64217376709,3.002168893814087
31,31,3.7217705249786377,3.824040174484253,0.02,2.874650075946622,0.17328133061528206,4604.235023498535,9803.540344238281,2.702853560447693
32,32,3.4776742458343506,3.5096030235290527,0.02,2.874153750185652,0.17778516560792923,5041.955612182617,10600.26481628418,2.170783042907715
33,33,3.8247292041778564,3.61014986038208,0.02,2.6725624931595853,0.1820976734161377,5462.7724609375,11419.897407531738,1.9613672494888306
34,34,3.761547803878784,3.8371098041534424,0.02,2.681693571268672,0.18723272532224655,5874.639888763428,12340.664756774902,2.1093931198120117
35,35,3.501634120941162,3.539640188217163,0.02,2.6894913257893434,0.19137881323695183,6289.894065856934,13469.116340637207,2.038837254047394
36,36,3.407761573791504,3.4949839115142822,0.02,2.696114394920778,0.1962813064455986,6756.181846618652,14643.77816772461,2.122947037220001
37,37,3.3791134357452393,3.6197409629821777,0.02,2.514231618957642,0.1986810602247715,7180.771343231201,15872.515357971191,1.8721952140331268
38,38,3.553309202194214,3.5351884365081787,0.02,2.538965220628447,0.20278070867061615,7644.02458190918,17202.680061340332,1.5227167308330536
39,39,3.4564037322998047,3.9847896099090576,0.02,2.5609914495541943,0.2063126526772976,8221.91711807251,18632.2081451416,1.5724257826805115
40,40,3.4928951263427734,3.5098068714141846,0.02,2.581003549868717,0.21079868078231812,8823.953407287598,20168.184463500977,2.5088517665863037
41,41,3.452176094055176,3.577965259552002,0.02,2.598095776231096,0.2144348993897438,9444.464485168457,21565.620445251465,2.3198770880699158
42,42,3.421109199523926,3.4969778060913086,0.02,2.613984079921603,0.2175832912325859,10043.624214172363,23050.4998626709,2.047076404094696
43,43,3.6422486305236816,3.4385931491851807,0.02,2.6288137593830307,0.2239532470703125,10766.99308013916,24623.189422607422,2.2722376585006714
44,44,3.7412211894989014,3.8844237327575684,0.02,2.441645390985754,0.2288999781012535,11617.928314208984,26422.166969299316,2.2232840061187744
45,45,3.5468287467956543,3.5022432804107666,0.02,2.4738066579809077,0.2342436984181404,12354.068801879883,28285.40739440918,2.678643584251404
46,46,3.4593684673309326,3.5124452114105225,0.02,2.5023164400628057,0.23979833722114563,13294.01587677002,30298.281967163086,2.2505385875701904
47,47,3.4987635612487793,3.527676582336426,0.02,2.52800042876128,0.2427271082997322,14166.518898010254,32431.89877319336,1.6416700780391693
48,48,3.7414424419403076,3.6359641551971436,0.02,2.55002688511061,0.2493997924029827,14986.864097595215,34481.35151672363,1.4460125863552094
49,49,3.804215669631958,3.808683395385742,0.02,2.5702069740547966,0.25354599207639694,15845.636734008789,36443.74006652832,1.9136484861373901
50,50,3.733980178833008,3.754561185836792,0.02,2.588940477739247,0.25780344754457474,16775.233375549316,38572.5983581543,1.4854848384857178
51,51,3.7488222122192383,3.596933603286743,0.02,2.6056825500213687,0.2653030902147293,17727.252212524414,41027.653396606445,1.9263709485530853
52,52,3.7893331050872803,3.914677619934082,0.02,2.620954934287462,0.2684318348765373,18643.75065612793,43241.06971740723,1.6436724662780762
53,53,3.5337846279144287,3.380211353302002,0.02,2.6351654780548883,0.27601783722639084,19632.86962890625,45698.13996887207,2.598746657371521
54,54,4.483841896057129,4.788743495941162,0.02,2.4595158649263458,0.27852120995521545,20657.43003845215,48410.77311706543,2.1864030361175537
55,55,3.7088916301727295,3.6056244373321533,0.02,2.4996313692636196,0.28197286278009415,21666.752059936523,51025.15216064453,2.803315579891205
56,56,3.450843572616577,3.511220693588257,0.02,2.537159081060959,0.28560227155685425,22644.435760498047,53685.551361083984,1.8681939244270325
57,57,3.731062412261963,3.798489809036255,0.02,2.570706527045096,0.2881608009338379,23609.581832885742,56095.67333984375,1.5787871181964874
58,58,4.001175403594971,3.8922152519226074,0.02,2.6008618421203527,0.2868879735469818,24702.116973876953,58660.048431396484,1.7546153962612152
59,59,3.48808217048645,3.5892231464385986,0.02,2.628163109330505,0.289680652320385,25896.987991333008,60900.130767822266,2.875024974346161
60,60,3.6736645698547363,3.6489927768707275,0.02,2.653004785009759,0.29106274247169495,26933.42417907715,63281.90090942383,2.0155330896377563
61,61,3.635201930999756,3.676680088043213,0.02,2.675205261257476,0.2924944758415222,27679.82455444336,65211.26449584961,1.4499883949756622
62,62,3.8028481006622314,3.7794148921966553,0.02,2.6946510478100567,0.2919416204094887,28827.8349609375,68348.95022583008,0.9727555960416794
63,63,3.791135311126709,3.743262767791748,0.02,2.712354959901676,0.2953176870942116,29829.56578063965,71075.68914794922,2.6689144372940063
64,64,3.7686562538146973,3.988805055618286,0.02,2.7282096173562835,0.2949422225356102,30921.418884277344,74191.87896728516,2.6967208981513977
65,65,4.056406497955322,4.1603684425354,0.02,2.7417120071786405,0.2959213927388191,31873.605865478516,76448.98153686523,3.2369595766067505
66,66,3.766984701156616,3.9488143920898438,0.02,2.754993615344088,0.29746217280626297,32769.76693725586,79043.84719848633,2.14237117767334
67,67,4.014308929443359,4.079334735870361,0.02,2.7671052318436766,0.29444510489702225,33796.610290527344,81447.75213623047,2.356012761592865
68,68,3.5648586750030518,3.544149160385132,0.02,2.7781419943674037,0.29503586888313293,34757.2223815918,84201.3606262207,1.4144121408462524
69,69,3.682502269744873,3.654435157775879,0.02,2.787753863078074,0.2921271398663521,35828.17446899414,87086.60012817383,2.225750148296356
70,70,3.7267374992370605,3.8358426094055176,0.02,2.795997512405019,0.28808314353227615,36863.97036743164,89798.84915161133,0.9502349942922592
71,71,3.402148962020874,3.543700695037842,0.02,2.8035916912798413,0.28581199795007706,37865.96878051758,92041.4330444336,2.285945773124695
72,72,3.6357080936431885,3.89253568649292,0.02,2.8102420780740167,0.28391217440366745,38894.44760131836,94795.11389160156,1.5868242383003235
73,73,3.4240548610687256,3.4165115356445312,0.02,2.81688002293712,0.28207115828990936,39992.773345947266,96595.76666259766,2.8265740275382996
74,74,3.454575300216675,3.4686906337738037,0.02,2.8226275960380116,0.27843426167964935,41143.488342285156,99627.15734863281,1.9504135251045227
75,75,3.729682207107544,3.7588388919830322,0.02,2.827586057442294,0.27593569457530975,42058.201171875,102209.71575927734,1.5479375422000885
76,76,3.5451481342315674,3.625671863555908,0.02,2.8317617846072722,0.2742181196808815,43070.64743041992,104200.70874023438,2.8003324270248413
77,77,3.664111614227295,3.6665353775024414,0.02,2.8360675383793703,0.26928188651800156,44079.075256347656,107236.375,2.3893097639083862
78,78,3.5218451023101807,3.609124183654785,0.02,2.839454344868458,0.26603814214468,44354.67834472656,108095.34771728516,1.047400027513504
79,79,3.4162137508392334,3.675104856491089,0.02,2.8428500354284245,0.2639276757836342,44924.078552246094,109744.43841552734,1.2173935770988464
80,80,3.5123703479766846,3.488877534866333,0.02,2.846699324764887,0.2606931999325752,45793.64724731445,112315.08569335938,2.1730422377586365
81,81,3.4639718532562256,3.504281520843506,0.02,2.8491936642715103,0.2560956999659538,46707.827239990234,115318.4033203125,1.9211962521076202
82,82,3.3936026096343994,3.5430078506469727,0.02,2.851602952957227,0.2534860596060753,47737.9514465332,118053.5376586914,2.3236297369003296
83,83,3.5028939247131348,3.4497697353363037,0.02,2.853301806978182,0.25155799090862274,48597.4875793457,119995.4398803711,2.4967973828315735
84,84,3.701158285140991,3.6653313636779785,0.02,2.8548011865656955,0.2501090578734875,49197.855560302734,121318.05389404297,1.8241428136825562
85,85,3.3913421630859375,3.365027666091919,0.02,2.8568416422641394,0.2479713149368763,49797.82778930664,123280.18365478516,1.089135617017746
86,86,3.357797861099243,3.606597900390625,0.02,2.655079348051319,0.24540754035115242,50846.405029296875,125787.92010498047,2.183019459247589
87,87,3.3783156871795654,3.5680015087127686,0.02,2.676611187935589,0.24362201616168022,51617.30596923828,128081.97271728516,2.661917209625244
88,88,3.398085594177246,3.4154436588287354,0.02,2.6958772964038134,0.24047790840268135,52174.325927734375,129632.77966308594,1.9479148089885712
89,89,3.550913095474243,3.544600248336792,0.02,2.7138434411241614,0.23854058980941772,52749.223388671875,132060.8974609375,1.9605089128017426
90,90,3.3488237857818604,3.363027334213257,0.02,2.729606170084715,0.23676785826683044,53363.387603759766,133286.9893798828,2.4559136629104614
91,91,3.377359390258789,3.5155930519104004,0.02,2.5321922765759455,0.2358001545071602,54269.95733642578,136692.22369384766,2.521203100681305
92,92,3.398228645324707,3.5381007194519043,0.02,2.555886621839821,0.2346763052046299,54838.113372802734,138901.96966552734,2.50531142950058
93,93,3.3016092777252197,3.4658069610595703,0.02,2.5765260471094265,0.23432299122214317,55029.26922607422,140483.0185546875,1.4378452003002167
94,94,3.52553653717041,3.3770134449005127,0.02,2.5947447309915055,0.23434382304549217,55687.00244140625,140610.9598388672,1.8544466495513916
95,95,3.450836181640625,3.454394817352295,0.02,2.610059279221602,0.23176056519150734,56505.649353027344,142035.72009277344,2.0614125728607178
96,96,3.357729911804199,3.3420398235321045,0.02,2.624146836552571,0.2295679710805416,57098.260803222656,142967.0405883789,1.9871037602424622
97,97,3.4284446239471436,3.4903998374938965,0.02,2.449013850039359,0.22944477200508118,57484.79382324219,144012.3817138672,2.019640624523163
98,98,3.4289519786834717,3.5823936462402344,0.02,2.4800472631872594,0.22894183546304703,57787.356018066406,146273.48760986328,1.9316720962524414
99,99,3.3088252544403076,3.590080976486206,0.02,2.507901783843136,0.23153136298060417,58515.00860595703,148838.59533691406,2.230026125907898
100,100,3.3905744552612305,3.3384478092193604,0.02,2.533170221771577,0.23077286407351494,58737.98455810547,151066.4520263672,1.598172128200531
101,101,3.481712818145752,3.4632785320281982,0.02,2.3670682114770227,0.23253260552883148,59148.35705566406,152324.93029785156,2.278775215148926
102,102,3.42562198638916,3.3797354698181152,0.02,2.40638109604685,0.23078051581978798,59430.613037109375,154313.37322998047,1.6651930510997772
103,103,3.3786845207214355,3.460463285446167,0.02,2.442049023638338,0.23197965323925018,59696.14569091797,156685.53686523438,1.8562061190605164
104,104,3.503675937652588,3.4412708282470703,0.02,2.472864147272026,0.2324959710240364,59660.774169921875,157916.76177978516,2.0336661338806152
105,105,3.4639477729797363,3.6030709743499756,0.02,2.501833262073649,0.23332519084215164,59864.12420654297,158526.97296142578,2.051810383796692
106,106,3.4109342098236084,3.333348274230957,0.02,2.5271713518294403,0.2308819815516472,59865.68469238281,158829.55603027344,2.0267906188964844
107,107,3.3190770149230957,3.5164482593536377,0.02,2.361975350906224,0.23412896320223808,59670.765045166016,159729.26916503906,2.1503486037254333
108,108,3.449474334716797,3.5141892433166504,0.02,2.401511236057212,0.23460736870765686,59406.34844970703,160546.05712890625,1.6541597843170166
109,109,3.470768451690674,3.4190256595611572,0.02,2.437144943659443,0.23786063119769096,59620.70928955078,161647.19317626953,1.3399058282375336
110,110,3.3524792194366455,3.379199266433716,0.02,2.46898735870163,0.23703087866306305,59989.359954833984,163262.375,2.1526657938957214
111,111,3.568100690841675,3.696265935897827,0.02,2.497930903855164,0.23724300041794777,60128.191009521484,164820.6577758789,2.1578627228736877
112,112,3.435673713684082,3.3642029762268066,0.02,2.5236237451302044,0.2399602048099041,60355.51150512695,167207.9337158203,2.212806522846222
113,113,3.4998795986175537,3.4631378650665283,0.02,2.5473287570294962,0.24166084080934525,59872.717681884766,166782.6323852539,1.7877048552036285
114,114,3.3868706226348877,3.3861706256866455,0.02,2.5679448747380746,0.24080569669604301,59568.167236328125,167467.68286132812,1.427688717842102
115,115,3.3553402423858643,3.3444485664367676,0.02,2.586997046398087,0.24385754764080048,59804.26501464844,167659.84643554688,2.3015506267547607
116,116,3.4160280227661133,3.492914915084839,0.02,2.6041560414115663,0.2440425306558609,59534.936279296875,167116.99884033203,2.0117961168289185
117,117,3.3253533840179443,3.41215181350708,0.02,2.619542774458284,0.24365468695759773,59359.88146972656,168713.1508178711,1.5786967277526855
118,118,3.3941609859466553,3.415696382522583,0.02,2.633258500349645,0.24462633207440376,59406.40350341797,169103.07360839844,2.005606174468994
119,119,3.3779823780059814,3.354259967803955,0.02,2.6466709527601715,0.24458196014165878,59541.072326660156,170216.37158203125,1.8161579966545105
120,120,3.418839931488037,3.4730374813079834,0.02,2.658068503180496,0.24396666511893272,59768.452575683594,172748.6182861328,1.6932926177978516
121,121,3.3850595951080322,3.456468343734741,0.02,2.668217809934748,0.24651576206088066,59710.894470214844,171680.43688964844,2.0248274207115173
122,122,3.3739261627197266,3.4238576889038086,0.02,2.6776147873311955,0.24299419298768044,59870.2294921875,172617.1053466797,1.5956374406814575
123,123,3.484318971633911,3.3786849975585938,0.02,2.6837890874262844,0.24539459496736526,59496.71063232422,172815.6622314453,2.0589577555656433
124,124,3.4643924236297607,3.498058795928955,0.02,2.688526964991329,0.2436647191643715,58917.27508544922,170959.4017944336,1.7953670024871826
125,125,3.4305758476257324,3.464780569076538,0.02,2.69543175105504,0.24245132878422737,58778.980041503906,171411.29754638672,1.661642849445343
126,126,3.4302186965942383,3.4604828357696533,0.02,2.7015684179287236,0.2425612136721611,59042.860412597656,173090.38763427734,1.8370812237262726
127,127,3.3782973289489746,3.396538257598877,0.02,2.707252762653732,0.24258999899029732,59020.72009277344,173469.79595947266,1.9037018716335297
128,128,3.3274402618408203,3.4459404945373535,0.02,2.7120543622863567,0.23993312940001488,59210.74597167969,173640.84454345703,1.425712525844574
129,129,3.361215114593506,3.3814752101898193,0.02,2.7166545458642553,0.24187129735946655,59024.725158691406,172520.58624267578,2.051059901714325
130,130,3.376728057861328,3.359130859375,0.02,2.72080510655898,0.24026326462626457,59385.70251464844,173053.08142089844,1.9962210655212402
131,131,3.346013307571411,3.347533702850342,0.02,2.724333396798968,0.24051635339856148,59546.868591308594,173268.1577758789,1.6684026420116425
132,132,3.484391927719116,3.4828763008117676,0.02,2.72847596414927,0.239828173071146,59571.145080566406,174642.64721679688,1.7903386056423187
133,133,3.4419972896575928,3.439671516418457,0.02,2.731782388810043,0.240109134465456,59534.10388183594,174161.8056640625,1.5474981367588043
134,134,3.422538995742798,3.3732962608337402,0.02,2.734610705249768,0.23911215364933014,59638.903228759766,174815.21588134766,2.08291757106781
135,135,3.397508144378662,3.535207986831665,0.02,2.737778368152733,0.24120556190609932,59843.79455566406,176305.31512451172,2.0473870635032654
136,136,3.3012197017669678,3.500478506088257,0.02,2.7395503413250357,0.2368645928800106,59593.64953613281,175822.19012451172,1.5364585518836975
137,137,3.4381024837493896,3.5394175052642822,0.02,2.7428435015233408,0.2363031841814518,59266.948181152344,175313.47393798828,1.9593621492385864
138,138,3.3328726291656494,3.3396406173706055,0.02,2.744998683544968,0.23672375828027725,58960.02178955078,174455.65045166016,2.160911977291107
139,139,3.4781413078308105,3.427863597869873,0.02,2.74655249856709,0.2378353625535965,58735.10028076172,174744.18438720703,1.9187832176685333
140,140,3.4299001693725586,3.4166111946105957,0.02,2.747289327524873,0.23337554186582565,58693.02374267578,176811.58880615234,1.648247092962265
141,141,3.424377202987671,3.4872257709503174,0.02,2.749374730732725,0.23570024594664574,58563.574951171875,179087.87475585938,1.7752277255058289
142,142,3.396515130996704,3.5535776615142822,0.02,2.7505276682345414,0.23649300262331963,58276.51773071289,179531.38800048828,1.4714168906211853
143,143,3.570976495742798,3.3829877376556396,0.02,2.752071716477674,0.23423953726887703,58322.73937988281,178681.42864990234,1.8872757256031036
144,144,3.3502378463745117,3.294496774673462,0.02,2.7525493063934534,0.23974689096212387,58550.291748046875,179042.38250732422,2.367632806301117
145,145,3.4178905487060547,3.484713554382324,0.02,2.554400168677788,0.23449572175741196,58107.18395996094,179269.40307617188,1.9411402940750122
146,146,3.4738190174102783,3.4604885578155518,0.02,2.575011642827156,0.23203898593783379,58097.03039550781,179666.45501708984,1.6307178139686584
147,147,3.344414234161377,3.5017454624176025,0.02,2.59364365846951,0.23276884853839874,58097.27404785156,180245.89892578125,1.9045675694942474
148,148,3.3978793621063232,3.4044010639190674,0.02,2.6097341148003066,0.23442963138222694,57705.47232055664,181098.6450805664,2.0170934796333313
149,149,3.370722770690918,3.4352023601531982,0.02,2.624710288064876,0.23756995052099228,57453.954833984375,180515.17602539062,1.6690765917301178
150,150,3.3856098651885986,3.4885263442993164,0.02,2.6378852155379553,0.23464805260300636,57180.773834228516,180485.58892822266,1.6651723682880402
151,151,3.306469678878784,3.4084091186523438,0.02,2.6499986387137717,0.23708978667855263,56903.10302734375,180675.15161132812,2.014393150806427
152,152,3.346322536468506,3.401526927947998,0.02,2.6602202272699285,0.23971644416451454,56454.02795410156,180302.29516601562,1.7814334630966187
153,153,3.3114490509033203,3.546005964279175,0.02,2.669958421726202,0.23973490297794342,56540.20065307617,179926.70446777344,1.5743527114391327
154,154,3.3861653804779053,3.485830545425415,0.02,2.6785331427218115,0.23721548169851303,56863.68118286133,179831.07763671875,1.6849406361579895
155,155,3.5131406784057617,3.4278881549835205,0.02,2.6882324229131527,0.23916533589363098,56882.22915649414,180376.1541748047,2.1181864738464355
156,156,3.328390121459961,3.332207679748535,0.02,2.6957498152452435,0.23648109659552574,56718.08947753906,181281.55059814453,2.047681450843811
157,157,3.3747365474700928,3.3900561332702637,0.02,2.702133729355296,0.24008842185139656,56557.124114990234,180385.8423461914,2.0054681301116943
158,158,3.4722115993499756,3.3826234340667725,0.02,2.7071325476528623,0.2370552159845829,56311.77703857422,178972.1033935547,1.8319498002529144
159,159,3.3797430992126465,3.4889073371887207,0.02,2.7124872274496123,0.24167946353554726,56417.35235595703,178998.58013916016,1.8926939368247986
160,160,3.3678712844848633,3.278006076812744,0.02,2.7171705647724673,0.24236449599266052,56571.042053222656,179957.525390625,1.6450910568237305
161,161,3.320009708404541,3.370399236679077,0.02,2.499499793740184,0.24534878507256508,56906.27517700195,180896.6778564453,1.9723818898200989
162,162,3.4063663482666016,3.4548611640930176,0.02,2.525328628406766,0.24427347257733345,57366.09164428711,180620.9334716797,2.030258893966675
163,163,3.413844108581543,3.390529155731201,0.02,2.5487563043641215,0.24393639713525772,57194.829528808594,179948.38946533203,1.879379391670227
164,164,3.412947654724121,3.4443154335021973,0.02,2.569954638280384,0.24565208703279495,56981.10681152344,180671.611328125,2.0040435194969177
165,165,3.2856643199920654,3.4866437911987305,0.02,2.5889284771192997,0.24654091149568558,56687.31115722656,181048.2579345703,1.6164820790290833
166,166,3.3824703693389893,3.4066977500915527,0.02,2.6052162283143687,0.24858863651752472,57023.808013916016,181957.87329101562,2.0165539979934692
167,167,3.4238975048065186,3.4229328632354736,0.02,2.6208650823209596,0.2452622875571251,56969.20425415039,182330.01092529297,1.6723026931285858
168,168,3.3720145225524902,3.4064252376556396,0.02,2.6341641074166864,0.24650589004158974,56997.509033203125,183311.90240478516,1.9042904675006866
169,169,3.4546375274658203,3.3173294067382812,0.02,2.646588335943248,0.24496453627943993,57331.9130859375,183272.87426757812,1.9029321372509003
170,170,3.3083157539367676,3.431413173675537,0.02,2.657623010273771,0.24810485541820526,57152.17068481445,183800.23571777344,1.8964670598506927
171,171,3.3484973907470703,3.3988001346588135,0.02,2.6674372804977318,0.24806740507483482,57127.08108520508,185036.78784179688,1.4996873140335083
172,172,3.3382654190063477,3.3801467418670654,0.02,2.676435722138678,0.24924920499324799,57174.495056152344,185316.8056640625,2.01203590631485
173,173,3.391319513320923,3.4001965522766113,0.02,2.684719281578322,0.2456534504890442,57413.31262207031,185823.06219482422,1.863086074590683
174,174,3.309312105178833,3.446293592453003,0.02,2.6924063110189738,0.24901387840509415,57581.741760253906,186707.98236083984,2.2104692459106445
175,175,3.360574722290039,3.337885618209839,0.02,2.6995947695636238,0.24578234180808067,57694.26071166992,186773.8515625,1.9522024393081665
176,176,3.2769057750701904,3.364548683166504,0.02,2.7058787469512633,0.24764620140194893,57919.41473388672,187452.26892089844,2.154861867427826
177,177,3.320150852203369,3.3660030364990234,0.02,2.711155592563338,0.247468963265419,58064.44827270508,188311.3080444336,1.7648462653160095
178,178,3.611658811569214,3.4413557052612305,0.02,2.715767438624434,0.2456224076449871,57602.5100402832,187173.66314697266,1.343603253364563
179,179,3.341038227081299,3.365856409072876,0.02,2.720779806500037,0.24846599251031876,57657.89779663086,186008.76318359375,1.960680603981018
180,180,3.4432101249694824,3.391890287399292,0.02,2.724690301421019,0.24884607270359993,57563.185638427734,185190.71643066406,1.806452602148056
181,181,3.2773289680480957,3.4171159267425537,0.02,2.728102960297522,0.24420569092035294,57458.134185791016,184037.34466552734,1.4736942052841187
182,182,3.379072904586792,3.3478925228118896,0.02,2.730974146088901,0.2437828779220581,57483.110778808594,183581.28833007812,2.104435622692108
183,183,3.3189988136291504,3.4522156715393066,0.02,2.733305907263735,0.24259302392601967,57353.81759643555,183574.12646484375,2.2738215923309326
184,184,3.33967924118042,3.464446783065796,0.02,2.735037236710092,0.24363460764288902,57109.871520996094,184359.56030273438,2.001699984073639
185,185,3.3159971237182617,3.4390721321105957,0.02,2.7376710803133886,0.24336174130439758,56654.28829956055,182716.81134033203,1.6529932916164398
186,186,3.330869674682617,3.393489122390747,0.02,2.739386628929302,0.24369389191269875,56368.457427978516,180768.4022216797,1.7927383184432983
187,187,3.3818259239196777,3.4178049564361572,0.02,2.741191776310616,0.24290044233202934,56220.736724853516,180087.04333496094,1.7547049224376678
188,188,3.4124908447265625,3.423279285430908,0.02,2.742350721399027,0.24263858422636986,55835.63934326172,179620.8720703125,1.512443482875824
189,189,3.232100248336792,3.2849950790405273,0.02,2.743921269065659,0.24127202108502388,55717.10791015625,179755.21850585938,1.9535408020019531
190,190,3.4079527854919434,3.333305835723877,0.02,2.745089874483666,0.24167441204190254,55818.42858886719,179756.49047851562,2.1153042316436768
191,191,3.2913832664489746,3.4215879440307617,0.02,2.746090837839614,0.2433568574488163,55769.09426879883,180147.91064453125,1.8569168150424957
192,192,3.3733344078063965,3.3765969276428223,0.02,2.747134814711037,0.24157404527068138,56220.25411987305,181145.19982910156,1.9101184606552124
193,193,3.4263031482696533,3.377056121826172,0.02,2.7483375134919443,0.2433209791779518,56251.522064208984,181130.8369140625,1.7340892553329468
194,194,3.4309518337249756,3.440695285797119,0.02,2.749517988375995,0.24374886602163315,56317.01266479492,180542.41467285156,1.4758218824863434
195,195,3.3181886672973633,3.5232925415039062,0.02,2.750260244129251,0.2405300736427307,56792.22393798828,180687.74865722656,1.771428108215332
196,196,3.4179913997650146,3.4119651317596436,0.02,2.7516374812369517,0.24715184420347214,57030.510162353516,181809.1563720703,1.931960791349411
197,197,3.4193081855773926,3.4727814197540283,0.02,2.7526859066611524,0.24555354565382004,56980.12356567383,182209.15460205078,1.5625096559524536
198,198,3.314734697341919,3.428839921951294,0.02,2.753265616955983,0.23943155258893967,56974.469482421875,182222.19604492188,1.5373141765594482
199,199,3.3606622219085693,3.3899974822998047,0.02,2.754459956243164,0.245878666639328,56762.64855957031,181731.64575195312,2.1393489241600037
200,200,3.320417881011963,3.4129061698913574,0.02,2.7546353276557873,0.24291856214404106,56448.94143676758,181817.59143066406,1.9778701663017273
201,201,3.326148748397827,3.361660957336426,0.02,2.7560958469760424,0.23879818618297577,56331.15328979492,181483.0425415039,2.006045639514923
202,202,3.3663418292999268,3.430783748626709,0.02,2.7563405834393953,0.24408264458179474,56048.96401977539,182255.029296875,1.8172067999839783
203,203,3.450895071029663,3.4041013717651367,0.02,2.7567881641080874,0.23848427087068558,55897.17053222656,181611.99139404297,1.6959428191184998
204,204,3.341280698776245,3.323223829269409,0.02,2.757860319494503,0.23929324373602867,55855.6555480957,181240.41619873047,1.9407390654087067
205,205,3.3973355293273926,3.4021689891815186,0.02,2.7591407141983373,0.2398177571594715,55970.87420654297,181575.44647216797,1.818204015493393
206,206,3.363274574279785,3.4762864112854004,0.02,2.759545858925409,0.2383463867008686,56372.700622558594,182160.2060546875,1.9136707782745361
207,207,3.3418452739715576,3.35152530670166,0.02,2.7592689285864767,0.23760757222771645,56721.67184448242,182899.212890625,2.01190447807312
208,208,3.3396201133728027,3.502346992492676,0.02,2.7591263199097167,0.23765996098518372,56547.76623535156,182299.05694580078,1.8055469691753387
209,209,3.328477144241333,3.2675671577453613,0.02,2.7588722137278054,0.2385537140071392,56629.23715209961,182965.36700439453,1.7280600368976593
210,210,3.3748435974121094,3.4159510135650635,0.02,2.569337772117371,0.2377289980649948,56845.07095336914,183858.8006591797,2.0002734065055847
211,211,3.4470455646514893,3.3507657051086426,0.02,2.588634826321405,0.2392561100423336,56626.756256103516,184299.62225341797,1.702972799539566
212,212,3.380856990814209,3.391026735305786,0.02,2.606881394937122,0.23509568348526955,56551.200592041016,183952.15063476562,1.738077074289322
213,213,3.4709908962249756,3.306816577911377,0.02,2.6228225392525255,0.2365068905055523,56536.63311767578,183709.74383544922,2.102607846260071
214,214,3.2684133052825928,3.5406246185302734,0.02,2.63646796457368,0.23580068722367287,56257.978912353516,183178.15606689453,1.9188682734966278
215,215,3.421128988265991,3.37795090675354,0.02,2.648531623695567,0.2381085827946663,56436.72457885742,182916.26806640625,1.9420547187328339
216,216,3.4747490882873535,3.4003190994262695,0.02,2.6606477483783997,0.2377091385424137,56520.11935424805,181671.96520996094,1.818860501050949
217,217,3.5241737365722656,3.401815891265869,0.02,2.671248036824368,0.23778792843222618,56913.85681152344,181215.8988647461,2.081935167312622
218,218,3.424826145172119,3.3708667755126953,0.02,2.6799633251626815,0.2405204363167286,57108.088317871094,180834.94567871094,2.037777066230774
219,219,3.2486860752105713,3.466991424560547,0.02,2.6877917626192773,0.237413939088583,57305.972564697266,179181.69177246094,1.6643134355545044
220,220,3.4679107666015625,3.3703620433807373,0.02,2.6947137478036,0.23697419092059135,57215.97570800781,179603.54467773438,1.9173009097576141
221,221,3.4157965183258057,3.4142017364501953,0.02,2.701492413700827,0.24320222437381744,57127.05337524414,178988.53479003906,2.1771429777145386
222,222,3.362020969390869,3.2176401615142822,0.02,2.707479094332749,0.23888424411416054,57736.4345703125,178702.39685058594,1.8980305790901184
223,223,3.4260568618774414,3.429264783859253,0.02,2.523963816308027,0.2398352473974228,57628.513916015625,178986.53857421875,1.931098312139511
224,224,3.3336217403411865,3.442491054534912,0.02,2.547756015119109,0.23888446018099785,57658.591247558594,180068.71557617188,1.7761432528495789
225,225,3.45038104057312,3.3902077674865723,0.02,2.5689551939749027,0.23684941232204437,57984.491455078125,180606.23138427734,1.6779945194721222
226,226,3.3796160221099854,3.402639150619507,0.02,2.587857635061954,0.23637071624398232,57952.81005859375,179400.46606445312,1.9660601913928986
227,227,3.4448401927948,3.4133315086364746,0.02,2.6055201980489757,0.23818153142929077,57983.80206298828,179098.27600097656,2.055766761302948
228,228,3.412410259246826,3.5491130352020264,0.02,2.621741186459734,0.2359820269048214,57957.6071472168,179230.36212158203,1.7116753458976746
229,229,3.341921329498291,3.4533164501190186,0.02,2.635987364364908,0.2384411320090294,58208.746185302734,179648.6591796875,1.8248474299907684
230,230,3.365819215774536,3.3918838500976562,0.02,2.6489304286316213,0.24026769027113914,58349.27325439453,180246.1235961914,2.0667132139205933
231,231,3.353581428527832,3.369966745376587,0.02,2.6596543818437626,0.2382795847952366,58211.45965576172,180568.7778930664,1.7595294415950775
232,232,3.402493476867676,3.434812545776367,0.02,2.6705374532083868,0.23628566041588783,58136.53515625,180636.7569580078,1.569649338722229
233,233,3.3458738327026367,3.315770149230957,0.02,2.6797046612945827,0.24259791150689125,57977.849212646484,180111.0894165039,1.8774772584438324
234,234,3.4247517585754395,3.444321632385254,0.02,2.6879946648465594,0.2437371276319027,57709.361755371094,180465.41162109375,1.7129679918289185
235,235,3.4281206130981445,3.3784351348876953,0.02,2.695522102810663,0.23885997384786606,57346.84631347656,180182.79443359375,1.585746705532074
236,236,3.3950235843658447,3.446566581726074,0.02,2.7022331068166054,0.24541252478957176,57222.16485595703,179483.47692871094,1.9558556973934174
237,237,3.371004581451416,3.3841965198516846,0.02,2.7082779508494146,0.24358611181378365,56993.77908325195,179054.15686035156,2.0011762976646423
238,238,3.4399967193603516,3.363609790802002,0.02,2.7131709996457176,0.24230866134166718,56592.00131225586,178449.8426513672,1.725174218416214
239,239,3.3206443786621094,3.3207740783691406,0.02,2.718326963197435,0.24069546535611153,56514.41549682617,178519.3533935547,1.7992461025714874
240,240,3.4092466831207275,3.4996509552001953,0.02,2.7221620839453586,0.2412339560687542,56290.24368286133,178143.82495117188,1.9234466254711151
241,241,3.42606520652771,3.5027096271514893,0.02,2.726811475058476,0.24178368970751762,56285.32110595703,178925.0264892578,1.9690804779529572
242,242,3.3879265785217285,3.3397035598754883,0.02,2.730091414076161,0.24194496497511864,56451.503021240234,179228.7989501953,1.9912598431110382
243,243,3.45068621635437,3.3333981037139893,0.02,2.7330230947965104,0.23768717795610428,56560.926330566406,179489.40112304688,1.7493868172168732
244,244,3.4460721015930176,3.40610408782959,0.02,2.7353192063517424,0.23998554423451424,56517.38586425781,179962.1876220703,1.8290407359600067
245,245,3.4411849975585938,3.4210543632507324,0.02,2.7368383230583357,0.2412109598517418,56055.45016479492,180135.09399414062,1.9189168214797974
246,246,3.321101188659668,3.3752963542938232,0.02,2.738725053920732,0.23879414796829224,55951.279296875,180412.14685058594,1.7057414650917053
247,247,3.294656276702881,3.294786214828491,0.02,2.740461349424545,0.2367628701031208,55871.59112548828,179948.06713867188,1.9591153264045715
248,248,3.3834846019744873,3.480985641479492,0.02,2.741626860958453,0.2366098091006279,55913.58935546875,180263.1678466797,2.2321627140045166
249,249,3.4503958225250244,3.333197593688965,0.02,2.7431910333817613,0.23889901116490364,55685.458404541016,180853.90869140625,2.1556413769721985
250,250,3.373522996902466,3.360483169555664,0.02,2.744405904180398,0.2413179725408554,55189.46243286133,181484.82543945312,1.7840624153614044
251,251,3.3395237922668457,3.4826929569244385,0.02,2.7459773482628043,0.24261169880628586,54940.54949951172,182942.4647216797,1.6366368234157562
252,252,3.427013874053955,3.310822010040283,0.02,2.7470058979710217,0.24300985783338547,54499.564453125,183095.9443359375,1.8768896758556366
253,253,3.4394686222076416,3.4190618991851807,0.02,2.748015217022122,0.24421369284391403,53921.119689941406,182427.25256347656,1.9665344953536987
254,254,3.4419541358947754,3.3278682231903076,0.02,2.748820310916926,0.24147501960396767,53455.53936767578,181033.69775390625,2.283664345741272
255,255,3.292430877685547,3.431089401245117,0.02,2.749985386227902,0.24644162878394127,53234.129455566406,180627.85650634766,2.5138620734214783
256,256,3.4112775325775146,3.4530134201049805,0.02,2.750525190070676,0.2458035834133625,52963.04382324219,180215.8432006836,2.289373278617859
257,257,3.4521210193634033,3.397609233856201,0.02,2.6876558353164923,0.2475837618112564,52979.138610839844,180298.58624267578,1.9157372117042542
258,258,3.4175243377685547,3.420262336730957,0.02,2.695245167237369,0.24614297971129417,53291.340393066406,180164.53155517578,1.6401569545269012
259,259,3.3950035572052,3.388369083404541,0.02,2.7022415514964115,0.24946144595742226,53471.77462768555,180558.47802734375,1.7322706580162048
260,260,3.3176236152648926,3.4690117835998535,0.02,2.7084228558178673,0.24912211671471596,53379.83917236328,181487.95391845703,1.599920004606247
261,261,3.3116488456726074,3.2715952396392822,0.02,2.713320552512467,0.24385059997439384,53307.732971191406,181484.5248413086,1.7117352187633514
262,262,3.4547531604766846,3.3007524013519287,0.02,2.718677235130796,0.23997804149985313,53110.84652709961,180791.51806640625,1.9640586376190186
263,263,3.3194243907928467,3.5868711471557617,0.02,2.7231885979900383,0.24267010763287544,52738.15899658203,180435.48553466797,2.0585098266601562
264,264,3.3342270851135254,3.4166982173919678,0.02,2.727233442579762,0.24519946053624153,52647.754791259766,180050.70458984375,1.911590337753296
265,265,3.389176845550537,3.37265682220459,0.02,2.730396714131486,0.24157633632421494,52909.713470458984,180010.72955322266,1.554527372121811
266,266,3.453357696533203,3.5300498008728027,0.02,2.733047817345663,0.23731278255581856,53084.54104614258,180314.8934326172,1.6734027564525604
267,267,3.3325581550598145,3.418185234069824,0.02,2.7364995161839505,0.2401510253548622,53113.6162109375,180086.607421875,1.853238821029663
268,268,3.4293038845062256,3.3647260665893555,0.02,2.738878585905685,0.2396189495921135,53133.36636352539,180293.75354003906,1.8030563294887543
269,269,3.3227739334106445,3.465761184692383,0.02,2.7406853285741484,0.24135829508304596,52899.85534667969,179640.68310546875,1.745403379201889
270,270,3.2863571643829346,3.358309268951416,0.02,2.74219555179052,0.23712227493524551,53184.96954345703,180035.24743652344,1.5610893666744232
271,271,3.6429665088653564,3.346419334411621,0.02,2.7432263261757814,0.2385316975414753,53288.941345214844,180116.58380126953,1.8829880058765411
272,272,3.351468563079834,3.4359130859375,0.02,2.7450226155610378,0.23621651902794838,53530.89987182617,180070.1713256836,1.9670565128326416
273,273,3.3602490425109863,3.3421456813812256,0.02,2.745544732049961,0.23603781312704086,53147.772552490234,179600.34143066406,1.720251053571701
274,274,3.2755236625671387,3.406825304031372,0.02,2.746190465928077,0.23549020662903786,53485.46157836914,179228.64001464844,1.768138587474823
275,275,3.3484175205230713,3.3823506832122803,0.02,2.7472731274778805,0.23861538991332054,53343.99383544922,178351.26739501953,2.0201403498649597
276,276,3.4148366451263428,3.3456811904907227,0.02,2.7482710328674287,0.23852504789829254,53398.90737915039,178733.32202148438,1.603647530078888
277,277,3.3956966400146484,3.4235997200012207,0.02,2.749042896904551,0.23310307785868645,53552.1848449707,179303.1944580078,1.5962271392345428
278,278,3.4522111415863037,3.383842945098877,0.02,2.7500093484380193,0.23520502820611,53280.13961791992,178731.52307128906,1.9470858871936798
279,279,3.3374907970428467,3.3852460384368896,0.02,2.751053327741878,0.23731285706162453,53036.8962097168,178803.0440673828,2.1251083612442017
280,280,3.266566514968872,3.345090866088867,0.02,2.751461221434306,0.23382240161299706,52891.159423828125,178427.9920654297,1.8450397849082947
281,281,3.4455387592315674,3.65470027923584,0.02,2.7521404164504246,0.23284227401018143,52895.81491088867,178516.4705810547,1.6533473134040833
282,282,3.379138946533203,3.2850043773651123,0.02,2.7523173626838218,0.23168811947107315,52867.19351196289,178558.35278320312,1.90848046541214
283,283,3.2890563011169434,3.441312313079834,0.02,2.7529328328227964,0.233904168009758,52595.44241333008,177854.4193725586,2.181936264038086
284,284,3.493840217590332,3.5598514080047607,0.02,2.7544445167970464,0.23166238889098167,52254.22009277344,177000.47399902344,1.9748377799987793
285,285,3.3392446041107178,3.3543832302093506,0.02,2.7551963265930866,0.2346324361860752,51794.70193481445,175934.89331054688,2.0358622670173645
286,286,3.3651885986328125,3.3282570838928223,0.02,2.7552658283873095,0.23491182550787926,51496.14892578125,175442.13049316406,1.867658644914627
287,287,3.284607410430908,3.433248519897461,0.02,2.7556598062568707,0.2330670766532421,51146.31591796875,174967.564453125,1.848794162273407
288,288,3.3207056522369385,3.3221216201782227,0.02,2.7565476488580836,0.2355998493731022,50860.70211791992,174416.19897460938,2.081501543521881
289,289,3.2517309188842773,3.414229393005371,0.02,2.7578136267626276,0.23452285304665565,50809.37567138672,174464.87005615234,1.8017539083957672
290,290,3.2850141525268555,3.406766176223755,0.02,2.7578351483719232,0.23335861414670944,50902.1735534668,174885.59143066406,1.545817792415619
291,291,3.346496105194092,3.459355592727661,0.02,2.758114086697477,0.23141446709632874,50851.76742553711,174219.4624633789,1.567452222108841
292,292,3.323075771331787,3.4090089797973633,0.02,2.758664734448337,0.2311137057840824,50724.32211303711,173066.72271728516,1.8568409979343414
293,293,3.308835983276367,3.3687639236450195,0.02,2.759769203273916,0.23624884337186813,50765.027282714844,171920.30981445312,2.031816780567169
294,294,3.3966426849365234,3.352259635925293,0.02,2.7596871104657703,0.23415904492139816,50232.70104980469,171282.63458251953,1.9675203561782837
295,295,3.348123073577881,3.373394727706909,0.02,2.7594786166024594,0.23175737261772156,49963.4049987793,171578.21905517578,1.6876978874206543
296,296,3.2544946670532227,3.426163911819458,0.02,2.7593429402204928,0.2337128184735775,50210.78820800781,171264.5076904297,1.8355098068714142
297,297,3.5128185749053955,3.3287298679351807,0.02,2.759068811595865,0.2319001369178295,50513.742095947266,171404.23388671875,2.0168418884277344
298,298,3.419973611831665,3.5305447578430176,0.02,2.7579047973921402,0.23485485836863518,50319.70574951172,170626.58099365234,1.950315773487091
299,299,3.3156611919403076,3.4006454944610596,0.02,2.7576242684572407,0.2362130768597126,50342.91094970703,171245.8998413086,1.8076517283916473
300,300,3.382535219192505,3.3494529724121094,0.02,2.7574728278409286,0.23368939012289047,50200.49166870117,171988.97912597656,1.8426951169967651
301,301,3.226125717163086,3.3160440921783447,0.02,2.757421786333404,0.2336285300552845,49892.18280029297,173065.6372680664,1.8573854267597198
302,302,3.2517967224121094,3.3421988487243652,0.02,2.7571049642166763,0.23470403999090195,49574.889221191406,173904.33489990234,1.9885103106498718
303,303,3.24595046043396,3.4027318954467773,0.02,2.7572072002100434,0.23533571511507034,49274.51040649414,174921.86358642578,1.743132323026657
304,304,3.4517323970794678,3.2988088130950928,0.02,2.7572297435999387,0.23222365230321884,49182.618896484375,175894.8002319336,1.675347924232483
305,305,3.3091461658477783,3.298452138900757,0.02,2.757411998959731,0.23430555313825607,49216.556732177734,176441.57177734375,1.8535317778587341
306,306,3.302156448364258,3.329725503921509,0.02,2.7572069573476328,0.23674339056015015,48941.01461791992,176830.71392822266,2.007308840751648
307,307,3.3790946006774902,3.374042272567749,0.02,2.757177036240195,0.23805606737732887,48518.41567993164,176824.18200683594,1.9772402942180634
308,308,3.5329806804656982,3.4853906631469727,0.02,2.7570320805115878,0.2383875846862793,48190.71115112305,176935.71112060547,1.8919727206230164
309,309,3.4086880683898926,3.3413422107696533,0.02,2.7574434077064844,0.23609744384884834,48054.149475097656,177478.81127929688,1.7664823830127716
310,310,3.253556966781616,3.4525821208953857,0.02,2.7573493950956447,0.23442860692739487,47683.343994140625,178362.04962158203,1.9107278883457184
311,311,3.2393147945404053,3.379723310470581,0.02,2.7582536466308603,0.23655106127262115,47465.69140625,177684.81671142578,1.8995788395404816
312,312,3.2885820865631104,3.3513681888580322,0.02,2.758189593014396,0.235924631357193,47146.35681152344,177495.09088134766,1.6921116709709167
313,313,3.45910906791687,3.3856921195983887,0.02,2.75677135648139,0.23658150807023048,46597.69384765625,178159.95703125,1.8422096371650696
314,314,3.370945930480957,3.3557121753692627,0.02,2.7523090611096035,0.23756518959999084,46425.250579833984,178880.22784423828,1.8732438385486603
315,315,3.316178321838379,3.347327470779419,0.02,2.7534374648493927,0.23655400797724724,46073.088623046875,177746.5502319336,1.927823781967163
316,316,3.3317790031433105,3.4315872192382812,0.02,2.75381729613949,0.23675309866666794,45941.57305908203,177311.60467529297,1.8179145753383636
317,317,3.2460970878601074,3.432727098464966,0.02,2.754184298667494,0.2324831485748291,45603.39385986328,176745.42834472656,1.9172911047935486
318,318,3.406129837036133,3.3562986850738525,0.02,2.754078331991392,0.23005232587456703,45543.55010986328,176874.8739013672,2.175796329975128
319,319,3.269141912460327,3.3570806980133057,0.02,2.7544930800400858,0.23196472600102425,45550.87796020508,176936.07452392578,2.1715334057807922
320,320,3.3708925247192383,3.4620628356933594,0.02,2.756211826607821,0.2362571507692337,45432.41906738281,176808.98693847656,1.9332486391067505
321,321,3.3894946575164795,3.336984395980835,0.02,2.7564646694181327,0.23403134942054749,45701.790618896484,177149.67138671875,1.5433112680912018
322,322,3.310131072998047,3.282878875732422,0.02,2.7570397046430832,0.23276180773973465,45598.9690246582,177290.58465576172,1.6637172996997833
323,323,3.4246556758880615,3.384699583053589,0.02,2.7570527506997897,0.22992131486535072,45838.768798828125,176909.3119506836,1.8131335973739624
324,324,3.4620492458343506,3.2958171367645264,0.02,2.758151340727584,0.23404458910226822,45816.51315307617,176924.29083251953,1.9035924077033997
325,325,3.2976009845733643,3.335516929626465,0.02,2.758714743641107,0.22772201150655746,45239.837310791016,177180.6137084961,1.7854928374290466
326,326,3.3534979820251465,3.4993605613708496,0.02,2.759213565734747,0.2285023331642151,44962.959533691406,176964.58630371094,1.8264932930469513
327,327,3.3169972896575928,3.49824857711792,0.02,2.7590119595001803,0.2322838045656681,44887.32489013672,177322.95184326172,2.1499871611595154
328,328,3.3115315437316895,3.377375841140747,0.02,2.7590176357943696,0.23097924143075943,44921.41830444336,176948.568359375,2.158053457736969
329,329,3.4027297496795654,3.3855364322662354,0.02,2.7598569287686465,0.23229625448584557,45103.6770324707,177500.51934814453,2.088372051715851
330,330,3.290731430053711,3.387934923171997,0.02,2.759795082033563,0.23449542000889778,44463.84698486328,177469.00994873047,2.0601157546043396
331,331,3.346325397491455,3.30374813079834,0.02,2.760150716220023,0.23007479310035706,44033.691009521484,176698.4467163086,1.8003711998462677
332,332,3.3548624515533447,3.335707187652588,0.02,2.7601098771858643,0.23689783737063408,43709.83752441406,175851.58563232422,1.849813997745514
333,333,3.367806911468506,3.3972396850585938,0.02,2.7615102698916054,0.23563092947006226,43374.30307006836,175502.4461669922,1.6392330825328827
334,334,3.4438934326171875,3.5576164722442627,0.02,2.7610341654728496,0.23338697105646133,42898.53628540039,175620.69116210938,1.6376272439956665
335,335,3.295551061630249,3.3756697177886963,0.02,2.761676212166458,0.23612897098064423,42757.6640625,175039.755859375,1.9420828819274902
336,336,3.3231585025787354,3.4088456630706787,0.02,2.7610769694255,0.2351987026631832,42276.8317565918,174914.28967285156,2.014426112174988
337,337,3.3096320629119873,3.3789587020874023,0.02,2.7617896708837004,0.23533644899725914,42178.027893066406,175457.16693115234,2.0102909207344055
338,338,3.471050500869751,3.3615458011627197,0.02,2.761451890313211,0.23419445753097534,42366.82272338867,175477.5029296875,1.9540555775165558
339,339,3.3948380947113037,3.4004037380218506,0.02,2.7610428556667004,0.23450221121311188,42552.15249633789,175191.1441040039,2.0918150544166565
340,340,3.29872727394104,3.393751621246338,0.02,2.76075075537831,0.23498108237981796,42318.23243713379,174328.65258789062,1.933797299861908
341,341,3.251784324645996,3.42226505279541,0.02,2.760408006439992,0.23339911177754402,42507.48776245117,174722.8140258789,1.6566279232501984
342,342,3.38265323638916,3.2608304023742676,0.02,2.7592170659828628,0.23645996302366257,42422.22686767578,174389.95123291016,1.7387342154979706
343,343,3.3587989807128906,3.538301467895508,0.02,2.758991600661145,0.23279302194714546,42432.964279174805,174323.9390258789,1.8814016282558441
344,344,3.513213634490967,3.3935446739196777,0.02,2.7583220651823495,0.23285680636763573,42408.522705078125,174106.86059570312,2.0212027430534363
345,345,3.4750630855560303,3.3005590438842773,0.02,2.75831572301252,0.2287600338459015,42180.34861755371,173956.66119384766,2.0666710138320923
346,346,3.3774514198303223,3.3376879692077637,0.02,2.7580405139971376,0.23308201879262924,42100.19746398926,173749.3374633789,2.1224966645240784
347,347,3.3320746421813965,3.721247434616089,0.02,2.757880232988874,0.22991498187184334,41918.70324707031,173534.03869628906,1.8178457915782928
348,348,3.3747193813323975,3.313978672027588,0.02,2.757883605379976,0.2308630347251892,41761.6123046875,173326.2749633789,1.586371511220932
349,349,3.4123454093933105,3.458357095718384,0.02,2.7579254867793948,0.2301698625087738,41741.7423248291,172000.57067871094,1.7484578788280487
350,350,3.3498055934906006,3.4655025005340576,0.02,2.7576816559029536,0.22980966418981552,41846.083923339844,170883.12329101562,2.189834952354431
351,351,3.3902180194854736,3.3239829540252686,0.02,2.757735524384661,0.2337908111512661,42151.895095825195,170769.12927246094,2.2436611652374268
352,352,3.29201602935791,3.370513677597046,0.02,2.75753089659177,0.24077575653791428,42588.85237121582,170137.3638305664,1.9624576568603516
353,353,3.289813995361328,3.337554693222046,0.02,2.757699462776688,0.233464527875185,42694.00828552246,169122.09240722656,1.6016844511032104
354,354,3.392951726913452,3.3942904472351074,0.02,2.7576301312510774,0.23182329162955284,42830.238220214844,167886.49688720703,1.695507973432541
355,355,3.387434482574463,3.4106693267822266,0.02,2.7585982601466204,0.23612845316529274,42880.772064208984,166327.16217041016,1.8268880546092987
356,356,3.32480525970459,3.424999713897705,0.02,2.7589248200712078,0.2370235174894333,43269.2029876709,166198.76794433594,1.7385648488998413
357,357,3.4016342163085938,3.417389392852783,0.02,2.758678294343654,0.23087676614522934,43563.56153869629,165912.1856689453,1.7950051426887512
358,358,3.3439855575561523,3.4909133911132812,0.02,2.758281659623156,0.23177916556596756,43305.942123413086,165519.8021850586,2.0041919946670532
359,359,3.547929525375366,3.382427453994751,0.02,2.7577605054110066,0.23298099264502525,43120.883377075195,165261.9024658203,2.105189621448517
360,360,3.393129587173462,3.433954954147339,0.02,2.757254947536917,0.23178590834140778,42850.33778381348,164377.38348388672,1.8437900245189667
361,361,3.329892158508301,3.392772674560547,0.02,2.759403775968188,0.2305402010679245,42574.292404174805,164341.63458251953,1.5939837396144867
362,362,3.32326602935791,3.565711259841919,0.02,2.759263000103383,0.23117804899811745,42280.018295288086,164193.03436279297,1.6621464788913727
363,363,3.273333787918091,3.3449559211730957,0.02,2.753676155366162,0.23743440583348274,42024.98504638672,164031.0362548828,1.9446886479854584
364,364,3.465762138366699,3.364423990249634,0.02,2.7538867496944723,0.2365962639451027,42068.18019104004,163727.82330322266,1.7876274585723877
365,365,3.3361358642578125,3.3910112380981445,0.02,2.7538388888867025,0.23460903763771057,41894.80563354492,163450.7191772461,1.5207324028015137
366,366,3.266420841217041,3.289081573486328,0.02,2.75432519385503,0.23656228184700012,41909.945220947266,163567.04638671875,1.714658409357071
367,367,3.2485463619232178,3.274934768676758,0.02,2.7547716264580013,0.23680272698402405,42086.169509887695,163412.2046508789,1.9142963886260986
368,368,3.258697271347046,3.4234542846679688,0.02,2.753579343787012,0.24018634483218193,42303.92532348633,163329.17767333984,2.1421971321105957
369,369,3.3035237789154053,3.431610345840454,0.02,2.7510145373121393,0.24005624279379845,42746.26174926758,163585.63165283203,1.8712555170059204
370,370,3.4020097255706787,3.365086793899536,0.02,2.747245952890621,0.23946399986743927,42728.32032775879,162764.38946533203,1.7951553165912628
371,371,3.4092044830322266,3.3594589233398438,0.02,2.743715566577718,0.23995490744709969,42730.34663391113,162991.13861083984,1.929970145225525
372,372,3.3400111198425293,3.4666287899017334,0.02,2.7411723432659576,0.23500829190015793,43016.27958679199,162909.90649414062,1.9335593283176422
